LJ      256
    1      1            29.4171           -36.0724            39.4587
    2      1            28.6103           -25.7487           -28.6770
    3      1            19.4537           -19.0466            47.5135
    4      1             8.2067           -42.3612           -18.7531
    5      1           -49.7665            38.0889             7.8029
    6      1            33.7363            44.8900           -11.0816
    7      1           -44.2834           -28.8954            30.5467
    8      1            11.6452           -35.3253            29.5338
    9      1            47.0419             4.9880           -26.2364
   10      1           -14.4074            24.3378           -36.4615
   11      1           -44.9498           -34.5275            47.5867
   12      1            16.5416           -33.0887            11.8680
   13      1            26.5907             3.4693            27.5259
   14      1            40.8834             4.6599           -46.8512
   15      1           -29.8682            45.8339           -20.9093
   16      1            34.4191           -16.8178            40.2540
   17      1            28.9853            -4.7529           -13.3991
   18      1            32.4947           -33.1051            44.7952
   19      1            36.5982           -36.4459            44.4646
   20      1           -14.8176           -48.8691            46.2537
   21      1            36.5978            29.4117           -36.8680
   22      1             7.6452            40.5122           -37.6317
   23      1             3.3716           -10.5474            -0.9904
   24      1            29.0205           -46.8502           -19.4559
   25      1            34.8291           -35.7944            -2.6762
   26      1           -40.5239            18.9198            25.5253
   27      1            37.8690            46.7068            -6.6526
   28      1           -30.5877            32.4539             6.3131
   29      1            48.3672             2.4194            45.8679
   30      1            -4.0845           -11.5639           -33.7663
   31      1           -29.8298            40.8075             6.7166
   32      1            24.7154           -45.8921           -42.8765
   33      1           -23.3097             1.3040           -41.2222
   34      1            15.4713            10.9987           -38.1063
   35      1             7.8786           -10.6366            36.1059
   36      1            -5.6256             0.1002             7.2585
   37      1           -43.9451            14.6697           -29.4871
   38      1            30.2481            -8.1741            14.7495
   39      1           -40.8861             9.9923            20.5396
   40      1            23.0530             9.4890            -6.8847
   41      1           -28.4748             3.8643            45.2660
   42      1            -2.0639            26.7982             3.0909
   43      1           -46.9309           -11.6499             6.7537
   44      1            37.5550            -3.9948           -44.8048
   45      1            47.0884            18.5900           -34.3800
   46      1             6.5247            -3.4565           -22.3386
   47      1            40.4637            25.6905           -20.2618
   48      1            31.9438           -11.7712            39.3355
   49      1            -6.2444             3.3762           -23.5059
   50      1           -46.8647            28.7565            44.6976
   51      1            -5.4558             6.3364            33.9707
   52      1            -5.6891             6.3697            -5.5803
   53      1            41.8538           -24.6262            -7.9561
   54      1            41.4575            22.5864            38.3440
   55      1           -35.4040           -34.8373            34.4964
   56      1            33.6927           -30.9993           -38.2601
   57      1            36.4107            34.0856            -4.2374
   58      1           -23.5306            -5.1756            11.1065
   59      1           -26.5849           -35.6506            20.5225
   60      1            12.2107            39.8307           -21.4766
   61      1            10.2263           -16.2486            19.0146
   62      1            -5.3895           -46.0262             7.7483
   63      1            14.0208            16.5978           -22.7703
   64      1           -27.9817            26.0621            -0.8694
   65      1           -23.2422            26.8840            32.3182
   66      1            25.9543           -30.1129            24.2433
   67      1            39.1712           -30.7112             4.7686
   68      1           -40.3358            47.7023            49.1321
   69      1            -2.5590            44.8626             4.6401
   70      1            47.6566            -2.4387            22.1379
   71      1           -27.3886            35.4405           -12.9723
   72      1           -32.0592            29.8194           -42.9999
   73      1            28.2990           -34.6890           -12.1114
   74      1           -13.2433             4.0915            26.8126
   75      1            30.4252           -22.7241            21.7750
   76      1           -17.7858            -1.5587            49.9676
   77      1           -13.6998            -8.9213           -20.0455
   78      1           -24.2676            18.7077           -43.0615
   79      1            46.8368           -38.3999           -20.7622
   80      1           -17.6292           -22.5668           -40.1750
   81      1            24.6267            16.0982           -47.6800
   82      1             2.2468            36.5100           -43.8534
   83      1            30.1278            10.3040             5.2160
   84      1           -11.9592            41.2141           -26.0166
   85      1            11.8821            14.6972            11.5618
   86      1           -36.9577            25.5590           -22.4235
   87      1             5.0935           -20.8091            -9.7799
   88      1           -40.6620           -41.6966            19.0152
   89      1           -23.6250           -13.5243           -13.1388
   90      1            35.2059            35.8771           -26.1704
   91      1            17.3760           -20.3146            19.4728
   92      1           -26.2262            34.0434            49.9118
   93      1            49.6081            42.8657            16.3442
   94      1            49.9929            25.8465           -42.1228
   95      1             2.7869           -10.0402           -32.7781
   96      1            -5.9264            27.3769           -13.9955
   97      1           -25.0602             6.2356           -28.6948
   98      1            -2.1888            43.7484           -21.6149
   99      1            40.1351             0.1160            34.5679
  100      1             6.9677            41.7456           -22.4743
  101      1           -12.4003            27.9769             4.0245
  102      1           -22.7509           -35.5263           -10.7187
  103      1            30.2986            46.8879           -43.7745
  104      1            -1.7431           -15.9961           -16.1794
  105      1             2.2957            39.0820            33.9173
  106      1           -37.4117           -22.9100           -36.7960
  107      1           -41.5492           -39.7485            17.4767
  108      1           -40.0801            31.4571            40.6659
  109      1           -18.6912            35.3399            30.2590
  110      1            46.8454           -29.2968           -32.2322
  111      1            46.7205           -13.5187           -49.2077
  112      1           -13.7028             8.6178            28.3925
  113      1           -44.6937            36.9797           -14.3642
  114      1           -14.4318           -10.2490            12.9961
  115      1           -20.7876            16.5730            40.1419
  116      1             6.1103           -21.2242            -2.8375
  117      1            21.5164            46.8410            19.2903
  118      1            -9.9337            24.4562            41.7883
  119      1           -14.1020             3.8962           -26.3684
  120      1             9.0871            39.3423           -35.2352
  121      1           -49.2121            30.1736            17.5424
  122      1           -15.3062           -16.3883             5.6879
  123      1           -11.7822            33.9882            44.9513
  124      1           -11.8347            20.6678           -41.8339
  125      1           -13.2999             8.1097             8.0979
  126      1            19.8051             8.8693           -47.4008
  127      1           -36.9332            -8.7047            12.7721
  128      1            28.5891           -33.8124            28.2288
  129      1           -40.0174           -12.9175            35.0555
  130      1           -47.5279           -43.6371           -11.1123
  131      1            43.5409           -33.9662            43.9073
  132      1           -28.7255           -32.5852           -32.6006
  133      1           -33.1889           -35.4497           -30.2354
  134      1            19.9943           -39.5418            -2.7904
  135      1           -29.6555           -21.8715            -0.8986
  136      1           -32.5818           -25.0628            -1.9780
  137      1           -22.5486            43.8125           -14.0925
  138      1            14.3649           -37.6501             0.2467
  139      1           -39.5234            46.1614           -49.8738
  140      1           -44.3821            25.2717            15.9345
  141      1            46.8412            -7.2867            -8.3293
  142      1            11.1630           -34.5773            32.9401
  143      1           -34.1300            25.6517            40.9092
  144      1           -47.2087            15.7363            34.1453
  145      1            -1.4405             0.5948            20.6282
  146      1            27.8340            48.8488            -3.3835
  147      1            46.7332           -13.5852           -14.4564
  148      1            19.0754            10.1578           -42.6119
  149      1           -43.5793           -45.2832            10.5416
  150      1            39.1745           -31.9501            34.4144
  151      1           -48.2329           -25.6520           -24.5532
  152      1            26.0192            37.7679            38.5436
  153      1             7.9444           -23.0265            24.1707
  154      1            36.2984           -35.6634            37.7506
  155      1            47.9022            14.2685             4.0362
  156      1           -46.8033           -49.0953           -13.5051
  157      1           -18.0044           -10.5706            -7.9960
  158      1           -22.3970           -47.0448            -9.0209
  159      1            17.7137            -2.3594            -1.1287
  160      1           -17.5541           -13.4683            21.0718
  161      1           -30.3831           -21.9588           -35.1329
  162      1            -6.9626             5.5945            -6.4502
  163      1           -31.8621           -45.6823            20.3796
  164      1            -9.3484           -32.9970            43.0797
  165      1             2.0436            25.0766            41.4823
  166      1           -31.1474            45.9450           -18.7459
  167      1            20.6355           -21.8857             9.8996
  168      1            38.7218             3.8271             5.5034
  169      1           -32.4185           -32.3274             6.5789
  170      1            32.4444            12.5236            29.3603
  171      1            -4.0952            22.3399            39.8272
  172      1             1.7909            25.9901            41.9365
  173      1            27.6630            -1.3144            15.9206
  174      1             3.7081            49.7353           -13.9742
  175      1            44.2942             2.7108            33.0915
  176      1            12.5885            -4.1290           -43.4545
  177      1            14.3902            14.1791            -6.0325
  178      1             9.8898            33.8625            14.1860
  179      1           -38.3241           -14.9047           -30.4892
  180      1            36.9109           -10.1327           -23.6405
  181      1            33.8343           -13.5479           -24.7227
  182      1           -14.0609            46.2334            43.4154
  183      1            17.1006            34.3021             4.6817
  184      1            42.4033            12.6644           -38.7174
  185      1           -34.6274            48.7655            31.2909
  186      1           -29.5208           -24.7252            32.9737
  187      1           -25.4450            46.3314            12.3957
  188      1            17.3735           -24.0387           -44.3379
  189      1           -44.0199            21.2076            25.5069
  190      1           -45.7763           -42.6639            31.8719
  191      1            -8.4118             0.6206            21.8698
  192      1            14.5339            40.5722            49.1029
  193      1           -23.5888           -28.4431           -11.9791
  194      1             9.0903            26.8950           -47.6863
  195      1            44.3573            21.3786           -45.7145
  196      1            17.3968            46.6982           -43.3149
  197      1           -42.1776           -42.1999            10.3395
  198      1            46.5604            17.4530           -39.1042
  199      1           -26.6458            17.7138           -12.0521
  200      1            -1.8820            29.9763           -43.5981
  201      1            46.9590            31.3451           -34.3961
  202      1             0.7243            47.0444            27.5652
  203      1            46.1314            12.7432           -27.4332
  204      1           -47.5229           -25.4283             0.0498
  205      1            13.5154            35.8987             5.6252
  206      1            17.7744           -37.0387            39.4921
  207      1            34.8881           -17.3115            31.8771
  208      1            30.0608            42.5142            -0.4739
  209      1            20.9014            -5.3051             1.0515
  210      1           -40.0703             8.2275            13.2343
  211      1           -47.7900            -7.4628             5.0939
  212      1            -6.7609            39.3824            48.1093
  213      1            19.2595            47.9218           -11.9624
  214      1           -13.5102           -26.8524            37.9404
  215      1            13.9465            -7.1074           -34.1061
  216      1           -34.0615            19.1891            36.2651
  217      1           -41.4097            10.3917           -42.9980
  218      1             2.3810             9.2875            42.2889
  219      1            42.3015            31.3729           -15.1021
  220      1            41.9853            23.3160           -25.2047
  221      1            -4.7898           -30.8614           -39.1491
  222      1           -28.2854           -12.0726            36.3300
  223      1             5.4856           -16.1394           -15.1286
  224      1           -42.3597            43.1948            32.1523
  225      1            10.7574            47.6182             2.2080
  226      1            43.7815            21.7146            40.8340
  227      1            42.3546            30.9129            15.5519
  228      1            30.6025             1.6706           -34.0474
  229      1           -34.0549            39.7093            23.3808
  230      1            47.6779            24.5609           -48.9378
  231      1            12.3707            40.6523            24.5242
  232      1           -47.1067            26.9867           -10.7168
  233      1            -7.4544             8.1873           -49.7105
  234      1           -42.6464            25.1933           -42.3930
  235      1            43.4260            17.1998            15.8731
  236      1            18.1561             2.7746           -34.9652
  237      1            14.9442             3.6331           -29.4999
  238      1             1.7771            -1.5357           -35.9140
  239      1             5.4943           -39.9553           -28.7877
  240      1            31.3023           -25.6373            31.0571
  241      1            15.8832            21.1326            36.4630
  242      1           -44.7318           -21.9602            21.5303
  243      1            39.5801            -5.8392            47.2759
  244      1            -7.5189           -21.3850            32.3483
  245      1            35.5090             7.7366            35.4899
  246      1            48.0678           -34.3751           -22.2407
  247      1            39.3666            14.4394            -6.5282
  248      1           -10.8510            12.0982           -39.0366
  249      1            -7.3734            23.1854            21.2551
  250      1           -39.2542            42.9231           -18.2886
  251      1           -34.8498            23.2089            29.5015
  252      1           -19.3202           -31.1703           -32.6216
  253      1           -20.2296            11.5551           -16.2042
  254      1           -43.4353            18.7002            41.7768
  255      1            20.0486            -5.3194           -31.4382
  256      1           -46.8334           -27.0985            44.5673

