LJ      256
    1      1           -29.2365             0.6747            28.1992
    2      1            39.7719            10.6899            37.0353
    3      1           -15.3971            37.9298            -9.5720
    4      1            -6.1466           -38.3727           -12.2812
    5      1            32.9831           -31.0573           -18.2376
    6      1           -26.7023           -36.5608           -27.8484
    7      1            31.5701            -2.3957             7.9103
    8      1            31.9528           -18.0555           -36.9523
    9      1           -48.5689            42.9177           -39.6268
   10      1           -12.7632            15.1788            -9.5002
   11      1            31.6439            -6.1903           -26.3066
   12      1            42.6970            47.6499           -36.7120
   13      1            -4.3932            38.5037            11.5510
   14      1           -41.5458            11.8826            -5.8111
   15      1            42.3748            16.0448           -33.3320
   16      1           -33.0428             3.2623           -17.5082
   17      1            13.3033            49.1349            35.9850
   18      1           -24.1296            -4.2319           -18.3938
   19      1           -40.0143           -30.8263            13.1260
   20      1           -45.9074           -12.1988            17.3906
   21      1            45.7822           -46.7962           -18.4543
   22      1           -33.2982           -38.4817            33.7668
   23      1            21.4906             6.0686           -23.8990
   24      1           -45.2052            31.3996             9.6103
   25      1           -40.2046           -24.5369             2.7835
   26      1           -47.0749             9.1989            38.5105
   27      1           -42.0907            27.4413           -11.9011
   28      1           -35.8746           -21.5049            14.6939
   29      1             5.7286            -9.6859           -44.0362
   30      1           -24.3873            26.4647           -13.0117
   31      1            17.9910            28.1010             0.0042
   32      1           -40.5852            23.1556           -34.8846
   33      1           -45.8251            36.8514            11.6874
   34      1           -29.8148            -0.6337            -0.6065
   35      1             2.9519           -37.1159            35.4254
   36      1           -15.5272            -8.9581            47.6930
   37      1             7.2447            14.1698            10.6816
   38      1             9.8093           -22.0006            40.3045
   39      1           -42.2614             1.6748           -31.8216
   40      1            20.3398            -2.7630           -35.4781
   41      1            44.9653            49.2590           -45.2939
   42      1           -24.2907           -41.6633           -32.1992
   43      1            15.2994            14.2732           -24.0180
   44      1           -42.4511            17.3975            48.8700
   45      1             4.3374             4.7728            31.1024
   46      1           -49.9546            -2.0416            36.4440
   47      1             8.3970            34.6441            21.6403
   48      1           -21.9793            20.3936            -3.5649
   49      1           -22.4369            27.6301           -33.6878
   50      1            -5.8094            40.6706             3.6317
   51      1            38.4874            47.4811            33.8833
   52      1           -31.7410            40.8428             6.3070
   53      1            24.4566            -7.4304            32.6355
   54      1            43.1406           -26.4788           -14.5231
   55      1            -8.3568             8.1839            38.6040
   56      1           -15.7624             5.5394            23.8184
   57      1            35.6716            20.0841            42.4836
   58      1           -22.3464           -34.7453             6.1055
   59      1           -32.6300            34.5213            41.3040
   60      1            17.3028            40.1298            11.1991
   61      1            24.7531             8.1675            -1.9085
   62      1            18.4920            41.4139           -11.9723
   63      1           -39.5645            48.1663           -24.1803
   64      1            -1.0838           -21.9982             1.4168
   65      1            40.0582           -29.9797           -14.7936
   66      1            25.3499           -21.0443            12.2290
   67      1            29.2602             1.3474           -35.3153
   68      1           -31.7623            33.2044           -31.5264
   69      1            36.1052           -17.6682            39.0352
   70      1            -7.6525             6.3106            -0.5097
   71      1           -47.5205            14.1955           -18.0087
   72      1           -13.9349            -0.4724            24.3465
   73      1             2.6688           -46.1302           -33.8504
   74      1           -24.6625             0.2378           -29.2988
   75      1           -24.0083           -40.3908           -12.2298
   76      1            -1.7740           -39.6741            39.7273
   77      1           -12.1926            49.1735           -17.7355
   78      1           -38.0726            34.6228             0.4532
   79      1            40.1595           -43.7305           -31.0516
   80      1            35.2239            15.2411           -21.5177
   81      1           -25.1838            21.7133           -41.2662
   82      1            -0.5566            36.2284           -23.2849
   83      1            -5.5482            49.7376             7.2481
   84      1            21.2430            18.4677            20.4142
   85      1           -42.2527            47.2867            43.5737
   86      1            10.3750           -17.4659           -20.4974
   87      1           -23.5201            31.1506            46.0084
   88      1           -45.6947           -20.9778            35.5104
   89      1           -40.1031            24.1968            15.0265
   90      1            13.8657           -22.9325             6.0335
   91      1            15.3733            30.3076            31.8642
   92      1            29.0028            28.3459           -32.8645
   93      1            15.8224             7.5452           -16.3458
   94      1           -22.2197            37.3542           -30.6781
   95      1            23.8586            19.0652           -32.3676
   96      1            35.5277            38.3634           -47.4886
   97      1           -35.1717           -28.9025            -5.2323
   98      1            41.5302           -25.4823            25.3975
   99      1            41.6986            -8.7016           -41.7939
  100      1             1.8328           -39.7623            -7.8763
  101      1            46.7356            31.3433           -49.0640
  102      1           -47.5790            -9.3379           -15.3785
  103      1            24.3013           -41.8436            37.2191
  104      1            -2.8474           -47.8571           -41.9622
  105      1             1.4023            36.4353            -1.5630
  106      1            15.1329           -35.0360            18.2364
  107      1            33.0505           -46.2781            17.1708
  108      1             9.4543           -38.9594           -40.6969
  109      1            -2.4274             3.6457           -25.3135
  110      1           -34.6816            -3.1427           -28.8014
  111      1            28.5134            -9.9017           -37.3382
  112      1           -11.2475            34.6245            27.6396
  113      1           -39.4520            38.6662           -28.6313
  114      1           -26.1343             9.3346            10.6639
  115      1           -42.9069           -20.5605             1.0741
  116      1            -3.5153           -42.9168            -5.5085
  117      1            -6.4876            37.5423           -10.8367
  118      1            25.1080           -43.6836            42.9562
  119      1            40.2934            37.2330            34.5787
  120      1            28.7411            15.3378            13.1060
  121      1             8.2424            26.6382            35.4435
  122      1           -38.7066           -33.1217           -25.1423
  123      1            42.3737            -2.9211            23.1432
  124      1            30.0551            -2.7861           -26.4615
  125      1            14.6914            17.2636            11.1307
  126      1           -49.3380            41.5726            13.7882
  127      1            -2.2311            35.3681           -38.5377
  128      1           -10.6584            -7.4680            18.8347
  129      1           -37.4522           -28.3544            37.7373
  130      1            49.9277             2.2287           -42.9917
  131      1            32.4008            32.6937            41.9248
  132      1            34.9828            39.0153           -39.7101
  133      1            10.9994            -7.3337           -13.5643
  134      1           -19.6633           -34.4112           -36.6586
  135      1           -13.7152            34.9467            16.6152
  136      1           -27.5618            40.6458            -3.2034
  137      1           -12.7271            29.7916           -38.7277
  138      1           -22.8864            45.7818            27.0512
  139      1           -14.9211            33.9835            44.6390
  140      1             9.2379             0.7804            -4.2896
  141      1            23.7624             7.5436            39.7298
  142      1            38.1610            -9.3793           -45.4887
  143      1           -32.7423            34.0725           -10.1829
  144      1            28.5523            -3.1791             4.2656
  145      1           -28.7235           -10.8729            43.5341
  146      1            -8.0631            -6.0113           -37.0516
  147      1            14.3727            20.6577            11.4954
  148      1           -48.2532            -4.5586            -8.2299
  149      1           -17.4068           -12.8761           -12.9795
  150      1            19.0074            23.2797            28.6037
  151      1           -29.3254            -5.9495             8.2234
  152      1           -26.2706            30.9979            -2.2874
  153      1           -42.7954           -17.0065             0.9764
  154      1            41.7023            43.7250           -16.6591
  155      1           -26.9727            -9.9059           -15.8319
  156      1            44.9095           -38.5778            -1.2406
  157      1            35.5224             0.4891           -18.0044
  158      1            21.6908           -31.1960            32.4207
  159      1           -37.1636             0.5059            21.2118
  160      1            43.0184            27.4178            13.3625
  161      1            26.8637           -43.3584           -42.5846
  162      1            25.1186            18.1230            13.4485
  163      1             9.3385             9.2574           -44.7643
  164      1            20.9863            19.5922           -11.5250
  165      1           -40.3414           -26.5306            19.3427
  166      1            36.3206            25.0925            26.8091
  167      1            11.7474            31.5230            33.9929
  168      1            -8.2716            22.4647            11.4108
  169      1            -8.2452           -40.1544            32.2091
  170      1            45.9736           -38.1017            -2.7530
  171      1           -23.0247             6.5246           -42.3644
  172      1           -36.5371            10.3747            21.1104
  173      1            -2.7031           -12.6292            44.2400
  174      1           -43.7171            30.1596           -28.1940
  175      1           -12.8304            14.9697            28.5048
  176      1            29.2901           -24.0967           -39.4765
  177      1            24.1708            29.9438            42.1459
  178      1           -44.7908            -6.0927           -23.8952
  179      1            15.7086            11.9520            48.3355
  180      1           -15.9970           -15.4539            -0.4952
  181      1            11.3621           -38.5602           -43.8006
  182      1            19.6746           -20.9612           -41.5923
  183      1            21.0527           -44.9080            49.2946
  184      1            47.2255            28.6445           -47.0148
  185      1           -27.6246            -8.9635             0.5459
  186      1           -49.7463           -46.0965            47.8942
  187      1            26.3141            27.1360           -33.4028
  188      1            15.1889             3.7088            29.4170
  189      1           -25.2806           -45.8293           -42.5668
  190      1            46.4168           -41.0220           -49.4567
  191      1            43.8785            47.7069            41.7185
  192      1           -48.0824            -2.1042           -40.1232
  193      1            -4.1827           -25.7092           -10.4233
  194      1            13.6739            -1.0343            11.5479
  195      1            -3.6566             1.6210           -34.3328
  196      1           -15.7488           -20.0287            30.4309
  197      1            22.1491            49.0544            47.5152
  198      1           -24.0413            -1.5647            -7.6640
  199      1           -16.0156            16.8051           -14.6449
  200      1            33.3894             9.2543           -28.3851
  201      1            -2.7130            18.4807           -32.1455
  202      1            -3.3895           -15.5498            10.7318
  203      1            34.5559           -32.8674             5.7349
  204      1             1.3924            -3.6303             6.3972
  205      1            35.1669            35.1514           -31.3034
  206      1           -39.9420            34.8811             4.0004
  207      1           -34.9062           -33.6244            32.5639
  208      1             5.3716             6.7245           -17.1331
  209      1           -49.1399            21.1852             3.6507
  210      1           -19.5154            20.4389           -14.6352
  211      1           -16.0101            18.6191            49.3832
  212      1             3.3164            26.8993           -42.9309
  213      1           -49.0703           -14.6211            15.9098
  214      1           -42.1998           -48.7883            13.5582
  215      1            27.4046            25.3163           -26.8345
  216      1           -14.6546           -24.5104            15.4608
  217      1           -44.3137            30.8053            21.9834
  218      1            25.1837           -27.3697           -36.2448
  219      1            47.8432            20.9838             1.1951
  220      1           -31.9407             2.7814            -1.7020
  221      1           -28.8486           -34.8434            -5.9163
  222      1             0.3903           -29.7040            26.9565
  223      1            17.5546            -1.1721           -13.3844
  224      1           -33.6899           -11.8993            21.3533
  225      1            20.4248            28.8375           -10.3154
  226      1           -44.1759            24.5138            12.3189
  227      1           -43.4710           -34.9988            49.8364
  228      1           -49.5786            41.9642           -29.7059
  229      1            31.5602            36.4482           -43.7995
  230      1            -6.1857            22.1780           -39.1895
  231      1           -34.9535           -34.4497            17.4005
  232      1           -49.3959            24.7358           -38.2118
  233      1           -30.5152            25.4964           -25.3873
  234      1           -45.5887            34.5071            -6.8377
  235      1            -0.1150           -30.6831            10.1055
  236      1            49.9514           -46.8143           -38.8065
  237      1             6.8836            11.4723           -13.1143
  238      1            48.4128             9.1939            19.7289
  239      1             1.7897            16.5876            15.9787
  240      1           -22.0192            24.6273            22.5458
  241      1             1.0340           -34.6151           -42.8139
  242      1            49.2117            21.1286             9.0812
  243      1           -34.3298           -27.7936             8.3318
  244      1           -41.9866            32.7817             2.0479
  245      1            -7.8625           -30.4142           -36.7710
  246      1           -33.9925            49.4737            32.4702
  247      1            10.6026           -39.3876            35.8582
  248      1            -7.5602           -42.9555           -27.2638
  249      1            34.6947           -32.8909           -16.1856
  250      1           -49.6523           -42.4885            -8.1949
  251      1           -24.1904            15.7274            29.4809
  252      1           -37.3864           -40.1181            44.5958
  253      1            24.9925            33.2880           -20.1057
  254      1           -14.9306             7.4122           -36.0337
  255      1           -23.2416            30.3625            18.0787
  256      1            18.0221           -12.2410            11.8309

