A      108
    1      1            -1.6840            -2.5676            -2.4374
    2      1            -0.9654            -1.7984            -2.5334
    3      1            -1.6508            -1.8552            -1.6432
    4      1            -0.8454            -2.5573            -1.6484
    5      1            -0.1251            -2.5544            -2.4713
    6      1             0.6956            -1.7616            -2.5084
    7      1            -0.1371            -1.7800            -1.6731
    8      1             0.6677            -2.5414            -1.7069
    9      1             1.4757            -2.5586            -2.4408
   10      1             2.2392            -1.7725            -2.4804
   11      1             1.4493            -1.8097            -1.6591
   12      1             2.2685            -2.5610            -1.6701
   13      1            -1.6776            -0.9979            -2.4631
   14      1            -0.9697            -0.2303            -2.4592
   15      1            -1.7206            -0.2278            -1.6775
   16      1            -0.8549            -0.9525            -1.6539
   17      1            -0.0719            -1.0218            -2.4951
   18      1             0.6750            -0.2323            -2.4559
   19      1            -0.1314            -0.2038            -1.6841
   20      1             0.7327            -0.9644            -1.6691
   21      1             1.4203            -0.9946            -2.4470
   22      1             2.2032            -0.1856            -2.4368
   23      1             1.4196            -0.1495            -1.6511
   24      1             2.2313            -0.9973            -1.6708
   25      1            -1.6664             0.5509            -2.4428
   26      1            -0.8436             1.3351            -2.4608
   27      1            -1.6173             1.3183            -1.7088
   28      1            -0.8730             0.5865            -1.7106
   29      1            -0.1080             0.5248            -2.4327
   30      1             0.6891             1.3383            -2.4192
   31      1            -0.0480             1.3660            -1.7301
   32      1             0.6597             0.6142            -1.6851
   33      1             1.4406             0.5894            -2.5229
   34      1             2.2274             1.3579            -2.4944
   35      1             1.4575             1.3583            -1.7292
   36      1             2.2644             0.6033            -1.7022
   37      1            -1.7151            -2.5587            -0.9178
   38      1            -0.9000            -1.8239            -0.8393
   39      1            -1.6492            -1.7207            -0.0943
   40      1            -0.8947            -2.5585            -0.1070
   41      1            -0.0857            -2.5579            -0.8946
   42      1             0.6646            -1.7621            -0.9565
   43      1            -0.1416            -1.7732            -0.1254
   44      1             0.6658            -2.5544            -0.0750
   45      1             1.4434            -2.5983            -0.9077
   46      1             2.2253            -1.7578            -0.8916
   47      1             1.4830            -1.7462            -0.1127
   48      1             2.2425            -2.5785            -0.0731
   49      1            -1.6846            -1.0469            -0.8639
   50      1            -0.9405            -0.2030            -0.8610
   51      1            -1.6705            -0.2219            -0.1224
   52      1            -0.8799            -1.0294            -0.1501
   53      1            -0.0802            -0.9788            -0.8881
   54      1             0.6215            -0.2420            -0.8702
   55      1            -0.1279            -0.2527            -0.1290
   56      1             0.6708            -1.0204            -0.1284
   57      1             1.4747            -1.0025            -0.9069
   58      1             2.2392            -0.1924            -0.8911
   59      1             1.4572            -0.2828            -0.1022
   60      1             2.2020            -1.0074            -0.1489
   61      1            -1.6657             0.6010            -0.9040
   62      1            -0.8822             1.3696            -0.9039
   63      1            -1.6541             1.3601            -0.1262
   64      1            -0.9160             0.6315            -0.1337
   65      1            -0.0675             0.5072            -0.8767
   66      1             0.6455             1.3312            -0.9102
   67      1            -0.0647             1.3379            -0.1044
   68      1             0.6784             0.6046            -0.0916
   69      1             1.4990             0.5725            -0.9197
   70      1             2.2483             1.3597            -0.9174
   71      1             1.4446             1.3558            -0.0943
   72      1             2.2317             0.5664            -0.1155
   73      1            -1.7268            -2.5355             0.6613
   74      1            -0.8519            -1.7990             0.6487
   75      1            -1.6921            -1.7619             1.4344
   76      1            -0.8589            -2.5880             1.4198
   77      1            -0.1269            -2.5843             0.6646
   78      1             0.6830            -1.7743             0.6933
   79      1            -0.1143            -1.7840             1.4641
   80      1             0.7080            -2.6067             1.4343
   81      1             1.4474            -2.6008             0.7041
   82      1             2.2067            -1.7051             0.6655
   83      1             1.4484            -1.7846             1.4556
   84      1             2.2314            -2.5419             1.4718
   85      1            -1.6618            -1.0479             0.6759
   86      1            -0.8247            -0.2471             0.7194
   87      1            -1.6875            -0.2217             1.4460
   88      1            -0.8963            -0.9945             1.4728
   89      1            -0.1373            -1.0230             0.6485
   90      1             0.6445            -0.2463             0.6600
   91      1            -0.1334            -0.1724             1.4744
   92      1             0.6864            -0.9947             1.4408
   93      1             1.4730            -0.9605             0.6619
   94      1             2.1881            -0.1733             0.7107
   95      1             1.4474            -0.2494             1.4384
   96      1             2.2629            -0.9886             1.4949
   97      1            -1.7039             0.6042             0.6688
   98      1            -0.9030             1.3895             0.6183
   99      1            -1.6891             1.3912             1.4276
  100      1            -0.8951             0.5849             1.4236
  101      1            -0.1058             0.5661             0.6495
  102      1             0.7066             1.3509             0.6457
  103      1            -0.1214             1.3669             1.4432
  104      1             0.6754             0.5477             1.4621
  105      1             1.4520             0.6058             0.6716
  106      1             2.2484             1.3720             0.6184
  107      1             1.4285             1.3431             1.4355
  108      1             2.2785             0.5628             1.4651
 
