LJ      256
    1      1            -2.0908             0.0482             2.0166
    2      1             2.8442             0.7645             2.6485
    3      1            -1.1011             2.7124            -0.6845
    4      1            -0.4396            -2.7441            -0.8783
    5      1             2.3587            -2.2210            -1.3042
    6      1            -1.9095            -2.6145            -1.9915
    7      1             2.2577            -0.1713             0.5657
    8      1             2.2850            -1.2912            -2.6425
    9      1            -3.4733             3.0691            -2.8338
   10      1            -0.9127             1.0855            -0.6794
   11      1             2.2629            -0.4427            -1.8812
   12      1            -0.3142             2.7535             0.8260
   13      1            -2.9710             0.8498            -0.4156
   14      1             3.0303             1.1474            -2.3836
   15      1            -2.3630             0.2333            -1.2521
   16      1             0.9513             3.5137             2.5734
   17      1            -1.7256            -0.3026            -1.3154
   18      1            -2.8615            -2.2045             0.9387
   19      1            -3.2829            -0.8724             1.2436
   20      1             3.2740            -3.3465            -1.3197
   21      1            -2.3812            -2.7519             2.4147
   22      1             1.5368             0.4340            -1.7091
   23      1            -3.2327             2.2455             0.6873
   24      1            -2.8751            -1.7547             0.1991
   25      1            -3.3664             0.6578             2.7540
   26      1            -3.0100             1.9624            -0.8511
   27      1             0.4097            -0.6927            -3.1491
   28      1            -1.7440             1.8925            -0.9305
   29      1             1.2866             2.0096             0.0003
   30      1            -2.9023             1.6559            -2.4947
   31      1            -2.1321            -0.0453            -0.0434
   32      1             0.2111            -2.6542             2.5334
   33      1            -1.1104            -0.6406             3.4106
   34      1             0.5181             1.0133             0.7639
   35      1             0.7015            -1.5733             2.8823
   36      1            -3.0222             0.1198            -2.2756
   37      1             1.4545            -0.1976            -2.5371
   38      1            -3.0358             1.2441             3.4948
   39      1             0.3102             0.3413             2.2242
   40      1            -3.5724            -0.1460             2.6062
   41      1             0.6005             2.4775             1.5475
   42      1            -1.5718             1.4584            -0.2549
   43      1            -1.6045             1.9759            -2.4091
   44      1             2.7523             3.3955             2.4231
   45      1            -2.2699             2.9208             0.4510
   46      1             1.7489            -0.5314             2.3338
   47      1             3.0851            -1.8936            -1.0386
   48      1            -0.5976             0.5853             2.7607
   49      1            -1.1272             0.3961             1.7033
   50      1             2.5510             1.4363             3.0381
   51      1            -1.5980            -2.4847             0.4366
   52      1            -2.3334             2.4687             2.9537
   53      1             1.2374             2.8698             0.8009
   54      1             1.7701             0.5841            -0.1365
   55      1             1.3224             2.9616            -0.8562
   56      1            -2.8293             3.4445            -1.7292
   57      1            -0.0775            -1.5731             0.1013
   58      1             1.8128            -1.5049             0.8745
   59      1             2.5820            -1.2635             2.7915
   60      1            -0.5472             0.4513            -0.0364
   61      1            -3.3983             1.0152            -1.2878
   62      1             0.1909            -3.2989            -2.4207
   63      1            -1.7637             0.0170            -2.0952
   64      1            -1.7169            -2.8884            -0.8746
   65      1            -0.8719             3.5165            -1.2683
   66      1             2.8719            -3.1273            -2.2206
   67      1             2.5189             1.0899            -1.5388
   68      1            -0.0398             2.5908            -1.6652
   69      1            -0.3968             3.5569             0.5183
   70      1             1.5191             1.3207             1.4599
   71      1            -3.0216             3.3816             3.1161
   72      1             0.7419            -1.2490            -1.4658
   73      1            -3.2677            -1.5002             2.5394
   74      1             0.9916            -1.6400             0.4315
   75      1             1.0994             2.1674             2.2787
   76      1             2.0741             2.0271            -2.3502
   77      1             2.5407             2.7435            -3.3960
   78      1             2.9699            -1.8223             1.8162
   79      1             2.9820            -0.6223            -2.9888
   80      1             3.3422             2.2414            -3.5087
   81      1            -3.4025            -0.6678            -1.0998
   82      1             1.7378            -2.9923             2.6616
   83      1             0.1003             2.6056            -0.1118
   84      1             1.0822            -2.5055             1.3041
   85      1             2.3635            -3.3095             1.2279
   86      1             0.6761            -2.7861            -2.9103
   87      1            -0.1736             0.2607            -1.8102
   88      1            -0.8043             2.4761             1.9766
   89      1            -1.8689             0.6675             0.7626
   90      1            -2.7680            -2.3686            -1.7980
   91      1             3.0302            -0.2089             1.6550
   92      1            -3.5283             2.9730             0.9860
   93      1            -0.1596             2.5293            -2.7559
   94      1            -0.7622            -0.5341             1.3469
   95      1            -2.6783            -2.0277             2.6987
   96      1             3.5704             0.1594            -3.0744
   97      1             2.3171             2.3380             2.9981
   98      1             0.7866            -0.5245            -0.9700
   99      1            -1.4062            -2.4608            -2.6215
  100      1            -0.9808             2.4991             1.1882
  101      1            -1.6367             3.2740             1.9345
  102      1            -1.0670             2.4302             3.1922
  103      1             0.6606             0.0558            -0.3068
  104      1             1.6993             0.5395             2.8412
  105      1            -2.3415             2.4366            -0.7282
  106      1            -2.0541            -0.7775             3.1132
  107      1            -0.5766            -0.4299            -2.6496
  108      1            -1.2448            -0.9208            -0.9282
  109      1             3.2116            -2.7588            -0.0887
  110      1             2.5403             0.0350            -1.2875
  111      1             1.5512            -2.2309             2.3185
  112      1             3.0763             1.9607             0.9556
  113      1             1.9211            -3.1007            -3.0453
  114      1             0.6678             0.6620            -3.2012
  115      1             1.5008             1.4011            -0.8242
  116      1             2.5974             1.7944             1.9172
  117      1            -0.5915             1.6065             0.8160
  118      1            -0.5896            -2.8715             2.3033
  119      1            -1.6465             0.4666            -3.0296
  120      1            -2.6129             0.7419             1.5097
  121      1            -0.1933            -0.9031             3.1637
  122      1            -1.1440            -1.1051            -0.0354
  123      1             1.4070            -1.4990            -2.9744
  124      1            -1.8079            -3.2774            -3.0440
  125      1             3.3194            -2.9336            -3.5368
  126      1            -0.2991            -1.8385            -0.7454
  127      1             0.9779            -0.0740             0.8258
  128      1            -1.1262            -1.4323             2.1762
  129      1             1.5839             3.5080             3.3979
  130      1            -0.1940             1.3216            -2.2988
  131      1            -0.2424            -1.1120             0.7675
  132      1             2.4712            -2.3504             0.4101
  133      1             0.0996            -0.2596             0.4575
  134      1             0.3841             0.4809            -1.2252
  135      1            -3.5141             1.5150             0.2611
  136      1            -1.1449             1.3315             3.5315
  137      1            -3.0178            -3.4890             0.9696
  138      1            -1.0480            -1.7528             1.1056
  139      1            -3.1690             2.2030             1.5721
  140      1             0.0279            -2.1242             1.9277
  141      1            -2.4092            -0.8509             1.5270
  142      1            -3.1087            -2.5028             3.5639
  143      1            -2.1822             1.8233            -1.8155
  144      1            -0.0082            -2.1942             0.7227
  145      1             3.4621             0.6575             1.4109
  146      1            -1.5746             1.7612             1.6123
  147      1            -0.5623            -2.1750            -2.6296
  148      1            -2.4309             3.5380             2.3220
  149      1            -0.5406            -3.0718            -1.9497
  150      1            -1.7299             1.1247             2.1082
  151      1             1.7873             2.3805            -1.4378
  152      1             1.2888            -0.8754             0.8461
  153      1             2.9306             2.7997             1.4426
  154      1            -2.5377            -2.0252            -2.5346
  155      1            -0.3777            -0.1466            -0.9501
  156      1            -3.5556            -2.2039            -1.7873
  157      1             0.8350             1.4121             2.8943
  158      1            -0.8292             3.2918             3.1957
  159      1            -1.1244             1.6415            -1.7910
  160      1            -2.3911            -3.5495             0.0230
  161      1             1.1210             1.2232            -0.1179
  162      1             2.0597             3.2726            -2.5931
  163      1             2.3936            -0.4161             3.2699
  164      1            -2.7792            -0.1675            -3.4656
  165      1            -2.0270            -3.2212             3.1993
  166      1            -0.5993            -1.3289            -2.9718
  167      1             1.5927             2.9602             1.7903
  168      1             2.9911            -0.1728            -0.5676
  169      1            -1.8610            -1.7914            -3.1498
  170      1             2.5592             0.8707             0.2654
  171      1            -3.3065            -2.7011            -2.7204
  172      1            -1.1678             3.0323            -2.0809
  173      1            -3.3218            -1.5733            -1.2227
  174      1             2.8475             2.3443            -0.9130
  175      1            -0.8994            -1.8869             3.5471
  176      1            -0.4323             3.2527             2.2785
  177      1            -2.5558            -0.9640            -1.8467
  178      1            -1.2121            -2.9913             0.9800
  179      1            -0.9307            -0.2812            -1.5830
  180      1             1.2705             1.2535            -1.8349
  181      1             1.4818             1.3441            -3.2722
  182      1             1.6834             0.5562             1.8185
  183      1            -2.9751            -0.7282             2.1386
  184      1             0.1207             3.3832            -1.7177
  185      1            -0.2862             0.2287            -3.0970
  186      1            -2.3656            -0.8951            -0.6333
  187      1            -2.2600             2.6403            -1.8789
  188      1             0.1239             3.4369             3.1424
  189      1             2.0139             2.9726            -0.3635
  190      1             2.9597            -2.0703            -2.7918
  191      1            -0.4721            -1.2512            -1.9178
  192      1            -3.4444            -0.0809            -0.0718
  193      1            -2.7719             3.0133             1.3829
  194      1            -3.5308            -1.2620            -0.1186
  195      1            -0.1042            -3.1711            -0.2896
  196      1            -1.9440             1.5049             3.2965
  197      1             3.1696            -0.0651            -2.0405
  198      1             0.8912            -3.3332            -1.8601
  199      1             1.3646            -3.1366             0.0776
  200      1             2.8837             0.2900             0.8352
  201      1             1.2632            -0.4526             1.6962
  202      1             0.3316             1.3602             2.1734
  203      1            -0.1573             1.3411            -0.9824
  204      1            -3.2588            -2.7572            -0.9390
  205      1            -1.0802             0.2225             0.6130
  206      1             2.8649             3.4005            -0.4351
  207      1             0.6770             2.1068            -3.1469
  208      1            -0.0047             1.5012             2.8971
  209      1             0.5014            -2.4235            -0.9734
  210      1             2.9678            -1.0688             1.5012
  211      1             0.0486            -3.5708             1.3729
  212      1            -2.4787            -2.8873             0.7547
  213      1            -1.7264             0.9515            -2.2282
  214      1             3.3256            -1.4746            -2.3955
  215      1            -2.0455            -2.0281            -1.1618
  216      1            -1.3223             1.9574             0.6056
  217      1             2.4761            -2.6383            -3.3992
  218      1            -3.3084             2.8778            -0.5539
  219      1             1.5708            -2.0504            -0.4565
  220      1             2.6034            -1.1079            -0.9029
  221      1             0.3954            -2.8792             0.6306
  222      1            -3.1873            -2.4159             1.9283
  223      1            -0.7091            -0.3212             2.4767
  224      1            -1.8596             0.7001             3.2193
  225      1             0.0458            -2.1380            -3.4791
  226      1            -3.5428            -3.4682            -2.1536
  227      1             3.2343            -3.0525             1.8615
  228      1             0.7218             1.2397            -1.1079
  229      1             2.4759             1.1764             1.0578
  230      1             3.0427             2.7308             2.7607
  231      1            -0.7944            -3.1027             3.4778
  232      1             0.4151            -0.5191             1.4595
  233      1            -3.2711            -3.2534             2.3814
  234      1             1.3518            -1.9124            -1.6357
  235      1             1.2652             0.0752            -3.5730
  236      1             0.5539             2.6833             3.3799
  237      1             0.4587            -1.3807             2.0502
  238      1             1.8389            -3.3228            -1.1637
  239      1             2.7633            -1.7920             1.0055
  240      1             0.8424            -2.8701             3.2344
  241      1             3.1529            -3.4044             0.8436
  242      1             2.1796             2.6419             1.2117
  243      1             1.7355            -2.6016             0.6664
  244      1             1.6570            -2.3147            -2.2926
  245      1             0.6148            -3.3035            -0.6222
  246      1            -1.7523            -2.2582             1.3060
  247      1            -3.0853            -1.1013            -3.3112
  248      1            -2.6069             1.9869             2.2299
  249      1            -2.5006            -0.2323             0.7859
  250      1             0.1798             2.0188             1.0181
  251      1             2.3595             1.3320            -3.2569
  252      1            -1.9658            -0.9638            -3.0009
  253      1             0.0845            -0.8584            -2.3959
  254      1            -1.2045             3.1460            -3.0499
  255      1             3.1107            -2.2112             3.1285
  256      1             1.0041             3.3491            -2.7240

LJ      256
    1      1            -2.0908             0.0482             2.0166
    2      1             2.8442             0.7645             2.6485
    3      1            -1.1011             2.7124            -0.6845
    4      1            -0.4396            -2.7441            -0.8783
    5      1             2.3587            -2.2210            -1.3042
    6      1            -1.9095            -2.6145            -1.9915
    7      1             2.2577            -0.1713             0.5657
    8      1             2.2850            -1.2912            -2.6425
    9      1            -3.4733             3.0691            -2.8338
   10      1            -0.9127             1.0855            -0.6794
   11      1             2.2629            -0.4427            -1.8812
   12      1            -0.3142             2.7535             0.8260
   13      1            -2.9710             0.8498            -0.4156
   14      1             3.0303             1.1474            -2.3836
   15      1            -2.3630             0.2333            -1.2521
   16      1             0.9513             3.5137             2.5734
   17      1            -1.7256            -0.3026            -1.3154
   18      1            -2.8615            -2.2045             0.9387
   19      1            -3.2829            -0.8724             1.2436
   20      1             3.2740            -3.3465            -1.3197
   21      1            -2.3812            -2.7519             2.4147
   22      1             1.5368             0.4340            -1.7091
   23      1            -3.2327             2.2455             0.6873
   24      1            -2.8751            -1.7547             0.1991
   25      1            -3.3664             0.6578             2.7540
   26      1            -3.0100             1.9624            -0.8511
   27      1             0.4097            -0.6927            -3.1491
   28      1            -1.7440             1.8925            -0.9305
   29      1             1.2866             2.0096             0.0003
   30      1            -2.9023             1.6559            -2.4947
   31      1            -2.1321            -0.0453            -0.0434
   32      1             0.2111            -2.6542             2.5334
   33      1            -1.1104            -0.6406             3.4106
   34      1             0.5181             1.0133             0.7639
   35      1             0.7015            -1.5733             2.8823
   36      1            -3.0222             0.1198            -2.2756
   37      1             1.4545            -0.1976            -2.5371
   38      1            -3.0358             1.2441             3.4948
   39      1             0.3102             0.3413             2.2242
   40      1            -3.5724            -0.1460             2.6062
   41      1             0.6005             2.4775             1.5475
   42      1            -1.5718             1.4584            -0.2549
   43      1            -1.6045             1.9759            -2.4091
   44      1             2.7523             3.3955             2.4231
   45      1            -2.2699             2.9208             0.4510
   46      1             1.7489            -0.5314             2.3338
   47      1             3.0851            -1.8936            -1.0386
   48      1            -0.5976             0.5853             2.7607
   49      1            -1.1272             0.3961             1.7033
   50      1             2.5510             1.4363             3.0381
   51      1            -1.5980            -2.4847             0.4366
   52      1            -2.3334             2.4687             2.9537
   53      1             1.2374             2.8698             0.8009
   54      1             1.7701             0.5841            -0.1365
   55      1             1.3224             2.9616            -0.8562
   56      1            -2.8293             3.4445            -1.7292
   57      1            -0.0775            -1.5731             0.1013
   58      1             1.8128            -1.5049             0.8745
   59      1             2.5820            -1.2635             2.7915
   60      1            -0.5472             0.4513            -0.0364
   61      1            -3.3983             1.0152            -1.2878
   62      1             0.1909            -3.2989            -2.4207
   63      1            -1.7637             0.0170            -2.0952
   64      1            -1.7169            -2.8884            -0.8746
   65      1            -0.8719             3.5165            -1.2683
   66      1             2.8719            -3.1273            -2.2206
   67      1             2.5189             1.0899            -1.5388
   68      1            -0.0398             2.5908            -1.6652
   69      1            -0.3968             3.5569             0.5183
   70      1             1.5191             1.3207             1.4599
   71      1            -3.0216             3.3816             3.1161
   72      1             0.7419            -1.2490            -1.4658
   73      1            -3.2677            -1.5002             2.5394
   74      1             0.9916            -1.6400             0.4315
   75      1             1.0994             2.1674             2.2787
   76      1             2.0741             2.0271            -2.3502
   77      1             2.5407             2.7435            -3.3960
   78      1             2.9699            -1.8223             1.8162
   79      1             2.9820            -0.6223            -2.9888
   80      1             3.3422             2.2414            -3.5087
   81      1            -3.4025            -0.6678            -1.0998
   82      1             1.7378            -2.9923             2.6616
   83      1             0.1003             2.6056            -0.1118
   84      1             1.0822            -2.5055             1.3041
   85      1             2.3635            -3.3095             1.2279
   86      1             0.6761            -2.7861            -2.9103
   87      1            -0.1736             0.2607            -1.8102
   88      1            -0.8043             2.4761             1.9766
   89      1            -1.8689             0.6675             0.7626
   90      1            -2.7680            -2.3686            -1.7980
   91      1             3.0302            -0.2089             1.6550
   92      1            -3.5283             2.9730             0.9860
   93      1            -0.1596             2.5293            -2.7559
   94      1            -0.7622            -0.5341             1.3469
   95      1            -2.6783            -2.0277             2.6987
   96      1             3.5704             0.1594            -3.0744
   97      1             2.3171             2.3380             2.9981
   98      1             0.7866            -0.5245            -0.9700
   99      1            -1.4062            -2.4608            -2.6215
  100      1            -0.9808             2.4991             1.1882
  101      1            -1.6367             3.2740             1.9345
  102      1            -1.0670             2.4302             3.1922
  103      1             0.6606             0.0558            -0.3068
  104      1             1.6993             0.5395             2.8412
  105      1            -2.3415             2.4366            -0.7282
  106      1            -2.0541            -0.7775             3.1132
  107      1            -0.5766            -0.4299            -2.6496
  108      1            -1.2448            -0.9208            -0.9282
  109      1             3.2116            -2.7588            -0.0887
  110      1             2.5403             0.0350            -1.2875
  111      1             1.5512            -2.2309             2.3185
  112      1             3.0763             1.9607             0.9556
  113      1             1.9211            -3.1007            -3.0453
  114      1             0.6678             0.6620            -3.2012
  115      1             1.5008             1.4011            -0.8242
  116      1             2.5974             1.7944             1.9172
  117      1            -0.5915             1.6065             0.8160
  118      1            -0.5896            -2.8715             2.3033
  119      1            -1.6465             0.4666            -3.0296
  120      1            -2.6129             0.7419             1.5097
  121      1            -0.1933            -0.9031             3.1637
  122      1            -1.1440            -1.1051            -0.0354
  123      1             1.4070            -1.4990            -2.9744
  124      1            -1.8079            -3.2774            -3.0440
  125      1             3.3194            -2.9336            -3.5368
  126      1            -0.2991            -1.8385            -0.7454
  127      1             0.9779            -0.0740             0.8258
  128      1            -1.1262            -1.4323             2.1762
  129      1             1.5839             3.5080             3.3979
  130      1            -0.1940             1.3216            -2.2988
  131      1            -0.2424            -1.1120             0.7675
  132      1             2.4712            -2.3504             0.4101
  133      1             0.0996            -0.2596             0.4575
  134      1             0.3841             0.4809            -1.2252
  135      1            -3.5141             1.5150             0.2611
  136      1            -1.1449             1.3315             3.5315
  137      1            -3.0178            -3.4890             0.9696
  138      1            -1.0480            -1.7528             1.1056
  139      1            -3.1690             2.2030             1.5721
  140      1             0.0279            -2.1242             1.9277
  141      1            -2.4092            -0.8509             1.5270
  142      1            -3.1087            -2.5028             3.5639
  143      1            -2.1822             1.8233            -1.8155
  144      1            -0.0082            -2.1942             0.7227
  145      1             3.4621             0.6575             1.4109
  146      1            -1.5746             1.7612             1.6123
  147      1            -0.5623            -2.1750            -2.6296
  148      1            -2.4309             3.5380             2.3220
  149      1            -0.5406            -3.0718            -1.9497
  150      1            -1.7299             1.1247             2.1082
  151      1             1.7873             2.3805            -1.4378
  152      1             1.2888            -0.8754             0.8461
  153      1             2.9306             2.7997             1.4426
  154      1            -2.5377            -2.0252            -2.5346
  155      1            -0.3777            -0.1466            -0.9501
  156      1            -3.5556            -2.2039            -1.7873
  157      1             0.8350             1.4121             2.8943
  158      1            -0.8292             3.2918             3.1957
  159      1            -1.1244             1.6415            -1.7910
  160      1            -2.3911            -3.5495             0.0230
  161      1             1.1210             1.2232            -0.1179
  162      1             2.0597             3.2726            -2.5931
  163      1             2.3936            -0.4161             3.2699
  164      1            -2.7792            -0.1675            -3.4656
  165      1            -2.0270            -3.2212             3.1993
  166      1            -0.5993            -1.3289            -2.9718
  167      1             1.5927             2.9602             1.7903
  168      1             2.9911            -0.1728            -0.5676
  169      1            -1.8610            -1.7914            -3.1498
  170      1             2.5592             0.8707             0.2654
  171      1            -3.3065            -2.7011            -2.7204
  172      1            -1.1678             3.0323            -2.0809
  173      1            -3.3218            -1.5733            -1.2227
  174      1             2.8475             2.3443            -0.9130
  175      1            -0.8994            -1.8869             3.5471
  176      1            -0.4323             3.2527             2.2785
  177      1            -2.5558            -0.9640            -1.8467
  178      1            -1.2121            -2.9913             0.9800
  179      1            -0.9307            -0.2812            -1.5830
  180      1             1.2705             1.2535            -1.8349
  181      1             1.4818             1.3441            -3.2722
  182      1             1.6834             0.5562             1.8185
  183      1            -2.9751            -0.7282             2.1386
  184      1             0.1207             3.3832            -1.7177
  185      1            -0.2862             0.2287            -3.0970
  186      1            -2.3656            -0.8951            -0.6333
  187      1            -2.2600             2.6403            -1.8789
  188      1             0.1239             3.4369             3.1424
  189      1             2.0139             2.9726            -0.3635
  190      1             2.9597            -2.0703            -2.7918
  191      1            -0.4721            -1.2512            -1.9178
  192      1            -3.4444            -0.0809            -0.0718
  193      1            -2.7719             3.0133             1.3829
  194      1            -3.5308            -1.2620            -0.1186
  195      1            -0.1042            -3.1711            -0.2896
  196      1            -1.9440             1.5049             3.2965
  197      1             3.1696            -0.0651            -2.0405
  198      1             0.8912            -3.3332            -1.8601
  199      1             1.3646            -3.1366             0.0776
  200      1             2.8837             0.2900             0.8352
  201      1             1.2632            -0.4526             1.6962
  202      1             0.3316             1.3602             2.1734
  203      1            -0.1573             1.3411            -0.9824
  204      1            -3.2588            -2.7572            -0.9390
  205      1            -1.0802             0.2225             0.6130
  206      1             2.8649             3.4005            -0.4351
  207      1             0.6770             2.1068            -3.1469
  208      1            -0.0047             1.5012             2.8971
  209      1             0.5014            -2.4235            -0.9734
  210      1             2.9678            -1.0688             1.5012
  211      1             0.0486            -3.5708             1.3729
  212      1            -2.4787            -2.8873             0.7547
  213      1            -1.7264             0.9515            -2.2282
  214      1             3.3256            -1.4746            -2.3955
  215      1            -2.0455            -2.0281            -1.1618
  216      1            -1.3223             1.9574             0.6056
  217      1             2.4761            -2.6383            -3.3992
  218      1            -3.3084             2.8778            -0.5539
  219      1             1.5708            -2.0504            -0.4565
  220      1             2.6034            -1.1079            -0.9029
  221      1             0.3954            -2.8792             0.6306
  222      1            -3.1873            -2.4159             1.9283
  223      1            -0.7091            -0.3212             2.4767
  224      1            -1.8596             0.7001             3.2193
  225      1             0.0458            -2.1380            -3.4791
  226      1            -3.5428            -3.4682            -2.1536
  227      1             3.2343            -3.0525             1.8615
  228      1             0.7218             1.2397            -1.1079
  229      1             2.4759             1.1764             1.0578
  230      1             3.0427             2.7308             2.7607
  231      1            -0.7944            -3.1027             3.4778
  232      1             0.4151            -0.5191             1.4595
  233      1            -3.2711            -3.2534             2.3814
  234      1             1.3518            -1.9124            -1.6357
  235      1             1.2652             0.0752            -3.5730
  236      1             0.5539             2.6833             3.3799
  237      1             0.4587            -1.3807             2.0502
  238      1             1.8389            -3.3228            -1.1637
  239      1             2.7633            -1.7920             1.0055
  240      1             0.8424            -2.8701             3.2344
  241      1             3.1529            -3.4044             0.8436
  242      1             2.1796             2.6419             1.2117
  243      1             1.7355            -2.6016             0.6664
  244      1             1.6570            -2.3147            -2.2926
  245      1             0.6148            -3.3035            -0.6222
  246      1            -1.7523            -2.2582             1.3060
  247      1            -3.0853            -1.1013            -3.3112
  248      1            -2.6069             1.9869             2.2299
  249      1            -2.5006            -0.2323             0.7859
  250      1             0.1798             2.0188             1.0181
  251      1             2.3595             1.3320            -3.2569
  252      1            -1.9658            -0.9638            -3.0009
  253      1             0.0845            -0.8584            -2.3959
  254      1            -1.2045             3.1460            -3.0499
  255      1             3.1107            -2.2112             3.1285
  256      1             1.0041             3.3491            -2.7240

