           1   Translation
   3.8175430145689839       -1.8416972265170459        1.2829873973048020     
   3.9667802822657228       -1.3067352487381854       0.71695478317259087     
   3.8370408294383074       -1.7705228621578524        1.2941242378285109     
   3.9862780971350462       -1.2355608843789918       0.72809162369629976     
   1.0127898457757332      F

           2   Translation
  -1.7231220459935386       -2.2488411084261082       -2.8678681028015993     
  -1.8593681224369527       -1.6150674829346938       -2.4111220045312058     
  -1.6454037545378344       -2.3381430596267343       -2.8651404223306720     
  -1.7816498309812485       -1.7043694341353199       -2.4083943240602785     
   1.9559056778762596      F

           3   Rotation
   1.3196428823641053        1.2441940796108835       -1.1300614856544904     
   1.6403559268045527       0.81011069519553625       -1.7110638595741365     
   1.3254145633402441        1.2601865662018463       -1.1394739884429512     
   1.6345842458284139       0.79411820860457327       -1.7016513567856757     
  0.58330965186921713      F

           4   Rotation
  0.86055747951450368       -1.1913400691354781       -2.3189538126786395     
  9.06831370326312003E-002  -1.3814505134564457       -2.3196719687843212     
  0.53785568836072484       -1.6294685421307296       -2.1305279548200788     
  0.41338492818640910      -0.94332204046119439       -2.5080978266428842     
   0.0000000000000000      T

           5   Translation
 -0.50819367376839830       -4.3679630087383394        1.0873318054999179     
 -0.68770087484679887       -3.7785939241225055       0.58806209195814285     
 -0.51444707792905486       -4.4668102147830426        1.0792540737234149     
 -0.69395427900745543       -3.8774411301672087       0.57998436018163990     
   7.3183569719690844      F

           6   Rotation
  -2.8417486820629279       -1.9014204530403167       0.36398394957379188     
  -2.5812645539834582       -2.2683918198731128      -0.28895481856878791     
  -2.8197743352668305       -1.7034761515266228       3.87466365563853277E-002
  -2.6032389007795556       -2.4663361213868074       3.62824944486198619E-002
   0.0000000000000000      T

           7   Rotation
   4.0911360656314377       -1.8946390891509919       -2.3944335889517747     
   4.2304932648140321       -1.1322675497817210       -2.5624163469828036     
   3.8274404984025501       -1.3898497135270298       -2.3029368957351730     
   4.4941888320429175       -1.6370569254056808       -2.6539130401994049     
   36.873044823273801      F

           8   Translation
  -2.8884038613977583        1.6574266231650199       0.64246379058632230     
  -2.3009220331453029        1.6870076835652250       0.11063763258095385     
  -2.8089183151725376        1.7499933937679109       0.67648708632346799     
  -2.2214364869200822        1.7795744541681160       0.14466092831809951     
   6.7644434438953311      F

           9   Translation
  -3.2954016640641255       -1.6047311248982850       -3.4696740344051129     
  -2.9405210693867092       -1.5504800604794122       -2.7625915883418291     
  -3.2226110031673549       -1.6390772422656699       -3.4039249425480658     
  -2.8677304084899387       -1.5848261778467971       -2.6968424964847819     
 -7.64018590239370354E-002 F

          10   Translation
  -2.2769958355486684        3.7705557295599741      -0.45020363525349000     
  -2.5850289523531829        4.4753138421373100      -0.25712178290032994     
  -2.2209372518911930        3.7565457154856450      -0.35504428687555312     
  -2.5289703686957075        4.4613038280629809      -0.16196243452239306     
   2.3783008450636998      F

          11   Translation
   1.5887010396884567       -3.0989047937357230       -2.9985216162405699     
  0.85072545067977878       -2.8153774454635569       -3.0605963519149544     
   1.6533782073341725       -3.1934077734636204       -3.0365121716397656     
  0.91540261832549452       -2.9098804251914543       -3.0985869073141501     
   2.1976101934017338      F

          12   Rotation
   1.1612598565929995       0.28141957715971788       0.61118240153580361     
   1.6019382132934785       0.93888007290026465       0.56222035014535665     
   1.2243004942689426       0.27983958765055450       0.43384665336175987     
   1.5388975756175354       0.94046006240942792       0.73955609831940017     
 -0.68725518635980265      F

          13   Rotation
  -1.5427226673835779        2.1551904028537137       -4.3282064923388752     
  -2.2077591098260276        1.8033075117416737       -4.0776990849311607     
  -1.7165924930030889        2.2421313958752327       -4.4538227949341609     
  -2.0338892842065190        1.7163665187201558       -3.9520827823358773     
 -0.27277670261705733      F

          14   Rotation
   2.6276291570677364       0.67434062993832444        1.1619408876752622     
   2.6718339717419646       0.18717104398010204        1.7860888900568375     
   2.6363476284328518       0.69099088692486155        1.1751656977557612     
   2.6631155003768492       0.17052078699356490        1.7728640799763384     
 -9.55312686131088995E-002 F

          15   Translation
   2.9832647175154330       -2.6011328786867809        1.3641508762239618     
   2.5975970466201153       -3.1004024223920057       0.88369341675999635     
   2.9609039296946031       -2.5753165289881115        1.2766706944621093     
   2.5752362587992854       -3.0745860726933363       0.79621323499814389     
   1.0816269897247048      F

          16   Rotation
  -1.9602368803984564        1.1969191473583196       -2.0385431391274906     
  -2.7189136956539959       0.96619601086631501       -2.0435754627468556     
  -2.0115785487701068        1.2663811842286454       -2.1654402642280179     
  -2.6675720272823451       0.89673397399598898       -1.9166783376463288     
   1.6385241023797805      F

          17   Rotation
   2.7940760062290115      -0.89654271114897321      -0.93931299185177186     
   2.6635778916259198       -1.3519322442774060       -1.5752686626355907     
   2.5864189251448280      -0.77705598331798109       -1.1292392176800714     
   2.8712349727101034       -1.4714189721083981       -1.3853424368072913     
   42.108748750488132      F

          18   Rotation
   2.4998836849932156       -1.6045781099542868       -2.3094775865671102     
   1.7476011563364513       -1.6588651897551763       -2.0645839156720309     
   2.4767540736065694       -1.5336658955447060       -2.3386226108417629     
   1.7707307677230975       -1.7297774041647580       -2.0354388913973773     
   4.7552364641244074      F

          19   Translation
  -2.7813654518509328       -1.5129374105051443        2.2144516551211888     
  -2.6995220885763782       -1.7981167862323855        2.9498586088194267     
  -2.6960490634677523       -1.4882812848174296        2.1830764619052223     
  -2.6142057001931978       -1.7734606605446708        2.9184834156034603     
   10.333550573199616      F

          20   Translation
   2.5378637965908837       -2.6579443202244231       -3.2162444005492481     
   2.7799386722398562       -3.0695316765216183       -3.8493672975572610     
   2.5984115496778970       -2.6236272711979147       -3.3051853032683973     
   2.8404864253268696       -3.0352146274951100       -3.9383082002764103     
  0.58664182385647390      F

          21   Translation
  -2.3383770457249509       -2.8488443394928140       -2.1762396469570762     
  -3.0249189147925359       -2.8760530548952672       -2.5721802331860459     
  -2.2423523977346873       -2.9388133366665756       -2.2536102345540248     
  -2.9288942668022724       -2.9660220520690288       -2.6495508207829945     
   12.087612686165652      F

          22   VolumeChange
   7.3902780000000012     
  -2683.5098568096751      F

  0.66117153635185544      rejected
          23   Translation
  0.49467675588795207       -1.5886129992697058       -2.2024517874157836     
  0.37020599571363633      -0.90246649760017073       -2.5800216592385889     
  0.53785568836072484       -1.6294685421307296       -2.1305279548200788     
  0.41338492818640910      -0.94332204046119439       -2.5080978266428842     
  0.41358033101152625      F

          24   Translation
  0.18437325563487159        2.1256725151562463      -0.52832292737476327     
 -0.33018322753931573        1.7824363802594430      -3.20673668774428267E-002
  0.27354734891868726        2.1809388093892097      -0.51814435114265778     
 -0.24100913425550008        1.8377026744924061      -2.18887906453373859E-002
 -0.38215917314466541      F

          25   Rotation
  -3.6276491130985722      -0.67809181702960952       9.69071823951206945E-002
  -4.0082126776575544      -0.14057963496179465      -0.34479523718037758     
  -3.9461607543340027      -0.38377549681043599       0.25037672805132827     
  -3.6897010364221239      -0.43489595518096824      -0.49826478283658515     
   35.483422834872172      F

          26   Rotation
  -1.3655434561629076        2.0069000563652017       -1.8102821994474638     
 -0.92801965905756645        2.2840621264817944       -2.4107845840016031     
  -1.4590869761594887        2.1556551067822878       -1.8664554022288495     
 -0.83447613906098406        2.1353070760647097       -2.3546113812202170     
   10.393104585026169      F

          27   Rotation
 -0.22298314018871912       0.25812547229456201       -2.4022068024180090     
  0.14634782124191995       0.38438403666798593       -3.0924983465144771     
  0.34609882646372514       0.28020371784692100       -2.8353924957008654     
 -0.42273414541052390       0.36230579111562400       -2.6593126532316176     
   0.0000000000000000      T

          28   Translation
  -2.6789777206000669        4.3567575225194908        2.5332243279836151     
  -3.2879624276534130        3.9568369477574863        2.2200947055312152     
  -2.6969558730575973        4.4271224503751094        2.5807512424279775     
  -3.3059405801109434        4.0272018756131045        2.2676216199755777     
  0.31402448886941858      F

          29   Rotation
  -3.9601443681809179      -0.36121550479682274        3.0431612480833432     
  -3.3907734546413963      -0.74412826285964284        2.6456142917021976     
  -3.9391033549980099      -0.52645267085763525        3.1393732106131313     
  -3.4118144678243043      -0.57889109679882977        2.5494023291724091     
   5.0841065265616452      F

          30   Translation
   2.5775549100078816       -1.1690758599863864        1.7439292127049373     
   2.3944506496899987       -1.4184845482247299        1.0137805045059367     
   2.5433492850807080       -1.2459172504921168        1.7838341457616653     
   2.3602450247628251       -1.4953259387304603        1.0536854375626648     
  0.39612574350591068      F

          31   Translation
   2.8782161044938315       -1.2005071121902255        3.0857737781771113     
   2.4058665994213699      -0.69703045393698726        2.6955863877453559     
   2.8376289917276196       -1.1033719207243264        3.0409006466592881     
   2.3652794866551581      -0.59989526247108826        2.6507132562275326     
   6.8370086321280956      F

          32   Rotation
   1.5800342202194044       -3.3145534773573693       -3.0413646565067345     
  0.98874660544026272       -2.7887347212977054       -3.0937344224471812     
   1.6533782073341725       -3.1934077734636204       -3.0365121716397656     
  0.91540261832549452       -2.9098804251914543       -3.0985869073141501     
   14.158627095114017      F

          33   Rotation
  -1.6194999171001641       -3.4877057684505766        2.2755874129465603     
  -1.3220861710786183       -2.8272738603777139        1.9527503666264854     
  -1.5263547169805436       -3.5207813671615287        2.2629788296693549     
  -1.4152313711982385       -2.7941982616667622        1.9653589499036910     
   4.6428416774768877      F

          34   Rotation
  -2.4536287844413427        2.0870320750225266       -3.2490188697345057     
  -2.3546254564639622        2.1156178219394759       -2.4627427120630454     
  -2.6229147174399290        1.7995719681583671       -2.9911190113504649     
  -2.1853395234653763        2.4030779288036337       -2.7206425704470867     
   11.224164260328568      F

          35   Rotation
  -3.8283454926782419       -2.6754858191976076       0.56996642022787813     
  -4.1740051788037080       -2.4154714722988886        1.2346173969024534     
  -3.8767847798236037       -2.4789216478559970       0.53173907072670701     
  -4.1255658916583444       -2.6120356436404988        1.2728447464036265     
   0.0000000000000000      T

          36   Translation
  -3.7062419174193466      -0.63148523610821572       -2.6094524714670699     
  -3.4473558089437462      -8.85371004106393911E-002  -2.0926988505016437     
  -3.6575834637948388      -0.53463168012278106       -2.6545122565513446     
  -3.3986973553192383       8.31645557479526731E-003  -2.1377586355859184     
   3.4738743488988808      F

          37   Translation
   3.9946084620785176       -3.2893889845321747       5.24761452063435274E-002
   3.2256048393848218       -3.3295245645506215      -0.13692175209070162     
   4.0780746311729121       -3.3631358940426210       0.12789610437113169     
   3.3090710084792163       -3.4032714740610679      -6.15017929259134635E-002
   1.0907811081502556      F

          38   Rotation
  -2.8735101852383664        1.7076597395336157       0.57040733715493908     
  -2.1568446168542534        1.8219081084024116       0.25074067748662887     
  -2.8089183151725376        1.7499933937679109       0.67648708632346799     
  -2.2214364869200822        1.7795744541681160       0.14466092831809951     
   7.3873528090288625      F

          39   Rotation
   1.3114065579345762      -0.68244501056234663       -3.7246001530608122     
   1.9567652069917987      -0.91390318382287683       -4.1230826848208988     
   1.4582369766950851      -0.57340885345924331       -3.6485779132783018     
   1.8099347882312902       -1.0229393409259799       -4.1991049246034100     
   1.7628111833746791      F

          40   Rotation
   4.0310702684307769       -3.5463242176151022       0.16242336713246144     
   3.3560753712213516       -3.2200831504885858      -9.60290556872444023E-002
   4.0780746311729121       -3.3631358940426210       0.12789610437113169     
   3.3090710084792163       -3.4032714740610679      -6.15017929259134635E-002
   3.6323810093825428      F

          41   Rotation
  -3.3016624361533724        2.5315370424018928       0.29431661329145448     
  -3.0304987149428109        3.0866042654489023      -0.20289522707253727     
  -3.3647198370391482        2.7056885390134120       0.37292137770062417     
  -2.9674413140570355        2.9124527688373831      -0.28149999148170657     
   1.8919248841819729      F

          42   Translation
  -1.1278789815757633      -0.26077800509077953        3.8185755033785833     
  -1.1568907796967998       0.47613501040105854        4.1100656801744968     
  -1.0433006403406919      -0.34746379709872455        3.9006603412618652     
  -1.0723124384617284       0.38944921839311353        4.1921505180577787     
   1.2583667717576548      F

          43   Rotation
   2.0474903396199835       -3.2660821367926718       -1.4358697378748437     
   1.2654426572627711       -3.3141503959817493       -1.5580984782685834     
   1.8377228009345563       -3.0927496305589361       -1.7892251282388500     
   1.4752101959481960       -3.4874829022154845       -1.2047430879045760     
   0.0000000000000000      T

          44   Rotation
   3.7797537216063595      -0.61534263253941290      -0.36613790170505134     
   3.4214315609092627       -1.2462550168610402      -0.68614382737356627     
   3.4743523373734986      -0.68674171921946292      -0.24028816656437657     
   3.7268329451421236       -1.1748559301809902      -0.81199356251424115     
   15.267869642790316      F

          45   Rotation
   1.3346279319896432      -0.89926547060732798       -2.0132384933510874     
   1.1083966081558361      -0.15679075825264654       -1.8507586803580949     
   1.3410284464496345      -0.89342808405840413       -1.8349882998753257     
   1.1019960936958448      -0.16262814480157051       -2.0290088738338570     
   1.3612297584538462      F

          46   Translation
 -0.63935263406120935       0.72894274213881904       0.77176059600694558     
 -4.14167713963852629E-003  0.28872049926619509       0.94941311382467841     
 -0.68851469152474376       0.80053950797914852       0.69894540890432388     
 -5.33037346031728920E-002  0.36031726510652462       0.87659792672205672     
   7.2722207523818998      F

          47   Translation
   2.2818770124889847        1.9857934355994173       -3.1445921851695733     
   2.8913892778977237        1.5908612387092387       -2.8262019243640495     
   2.3669173230524327        1.9972019686562990       -3.1749852212172818     
   2.9764295884611718        1.6022697717661203       -2.8565949604117580     
   1.3345149434474726      F

          48   Translation
  -1.2928338716118599      -0.20054825898371606      -0.43245042672812029     
  -1.7669206350438067       0.36206402893901635      -0.13654815533269526     
  -1.2950352112001871      -0.14080457345393824      -0.33268527262613612     
  -1.7691219746321338       0.42180771446879417      -3.67830012307111265E-002
   2.8928365984835525      F

          49   Rotation
 -0.54127439822053358        3.8633733475940559       -1.1933271261726941     
 -5.05722733568738925E-002   3.8442274886795178       -1.8159777992958426     
 -0.54793607951636059        3.8945384172655588       -1.2012678183867971     
 -4.39105920610469158E-002   3.8130624190080153       -1.8080371070817396     
 -0.28213639663743972      F

          50   Translation
  -3.2519630796441525       -2.7011922447135475        2.5775190865251192     
  -3.8663779619126437       -3.0877082538920173        2.2582249790070827     
  -3.3328336881668843       -2.7024527532502143        2.6446212340085293     
  -3.9472485704353755       -3.0889687624286841        2.3253271264904929     
   3.0073237208918941      F

          51   Translation
   1.7973162121285409       -2.4775580110963182       -3.9094051114393666     
   1.7747931200827178       -1.9767329954798316       -4.5238284297285007     
   1.7614154105291697       -2.4960216316430541        4.4843950588441022     
   1.7388923184833467       -1.9951966160265675        3.8699717405549681     
 -0.13981234510681517      F

          52   Rotation
 -0.62280256193193595        1.7704775350853768      -0.95129569526579094     
  -1.1128683001566197        2.3782945625616954       -1.0900149561063281     
  -1.0658824319284861        1.7595244392195895      -0.88335346030039852     
 -0.66978843016007139        2.3892476584274820       -1.1579571910717208     
   35.343093069952225      F

          53   Rotation
  -3.8023828644382420      -0.72499707788636059       -1.8051462924043484     
  -3.3663710778558147       -1.3232597315187724       -1.5208497584298593     
  -3.9102806119183993      -0.79842343832284113       -1.6554923553275624     
  -3.2584733303756575       -1.2498333710822918       -1.6705036955066468     
   32.613082319619096      F

          54   Rotation
  0.14098561348191924        4.2395004282267266        2.9154664613022621     
 -0.11444501452983151        3.8185370011143038        2.2938604869846975     
  0.33488681669290071        4.0363092022609877        2.8364433581800208     
 -0.30834621774081400        4.0217282270800432        2.3728835901069383     
 -0.47745046413665193      F

          55   Rotation
  -2.9356833391160757        2.9934578006465147        2.8242883334130604     
  -2.2738631101975875        2.7979322122304362        2.4336315417546768     
  -2.9139348339615698        3.0842074120182974        2.7904976182488204     
  -2.2956116153520942        2.7071826008586526        2.4674222569189164     
  0.74600212249854048      F

          56   Translation
   1.4220308450857402      -0.55039237308115652       -3.6676481505211638     
   1.7737286566219452      -0.99992286054789314       -4.2181751618462719     
   1.4582369766950851      -0.57340885345924331       -3.6485779132783018     
   1.8099347882312902       -1.0229393409259799       -4.1991049246034100     
   1.8676157459430525      F

          57   Translation
   2.5672468110516391        2.7840992513802343      -2.63558347978073287E-003
   1.9920680876822239        3.0211878106874126      -0.49437479406683177     
   2.5334815930700034        2.8253781581220068       6.69897826495588489E-003
   1.9583028697005882        3.0624667174291851      -0.48504023232209514     
   2.1845643526288852      F

          58   Rotation
   3.4961605367364701        1.3606045331612857       -2.3607510040851558     
   3.6111372305713769       0.91902111743476489       -1.7121884035367647     
   3.4099917276178506        1.2964132955715741       -1.7017292607364327     
   3.6973060396899950       0.98321235502447735       -2.3712101468854878     
   0.0000000000000000      T

          59   Rotation
  0.57188445333627203        1.1379948393413881       -3.4457567821545423     
 -0.21330330773860892        1.1964110250283115       -3.5401852159444291     
  0.46625565507876465        1.2170201242162086       -3.2239328253079456     
 -0.10767450948110080        1.1173857401534910       -3.7620091727910263     
   18.217624030007798      F

          60   Rotation
  -2.2226782378180618       0.88012163468627347       -4.3661599644282703     
  -2.7619943075122744       0.59136828178034584       -3.8615723326385414     
  -2.1368671081166024       0.75947853269115972       -4.2879082138469311     
  -2.8478054372137329       0.71201138377545892       -3.9398240832198805     
   8.7250683577989054      F

          61   Translation
   3.3018499902338543      -0.23281881992005443        3.1668732127284782     
   2.5744347046301139      -0.23134753254468038        3.4826481920784600     
   3.3370453403164162      -0.12850629816418985        3.2047332006828055     
   2.6096300547126758      -0.12703501078881579        3.5205081800327873     
   2.8822746999400328      F

          62   Rotation
   1.1639186545739677       -3.5370188388301993       0.26614353129504997     
   1.3893356557549950       -3.8061252266968757       0.97721169088871085     
   1.2166918215598790       -3.6827667576174377       0.22989363500154314     
   1.3365624887690839       -3.6603773079096373        1.0134615871822172     
   16.874542113870540      F

          63   Rotation
   1.6408316312146041       -3.9925490787156011        2.8337637191143887     
   2.1434138623689574       -3.6938884850924962        2.2979820931280068     
   1.5314482609513274       -3.7930367907369535        2.4090037471821892     
   2.2527972326322336       -3.8934007730711424        2.7227420650602037     
   0.0000000000000000      T

          64   Translation
   3.5703699087929950      -0.62365610580098030      -0.31533593307661484     
   3.8228505165616200       -1.1117703167625077      -0.88704132902647947     
   3.4743523373734986      -0.68674171921946292      -0.24028816656437657     
   3.7268329451421236       -1.1748559301809902      -0.81199356251424115     
 -0.76009553021618892      F

          65   Translation
  0.43396838653685371       0.37130739243505312       -2.9071892686333665     
 -0.33486458533739533       0.45340946570375612       -2.7311094261641187     
  0.34609882646372514       0.28020371784692100       -2.8353924957008654     
 -0.42273414541052390       0.36230579111562400       -2.6593126532316176     
   4.6055783686004066      F

          66   Rotation
   3.0919489630748656        3.9183981157371521       0.43822826222783473     
   2.5435777457555897        4.3288473866215984       3.86417208551404490E-002
   2.8391218546371464        4.1327104753178538      -0.15738501520179252     
   2.7964048541933080        4.1145350270408976       0.63425499828476828     
   0.0000000000000000      T

          67   Translation
  -2.6189840017583146       -4.0387202135984266        2.5084771716837264     
  -3.2279687088116606       -4.4386407883604315        2.1953475492313266     
  -2.6969558730575973        4.4271224503751094        2.5807512424279775     
  -3.3059405801109434        4.0272018756131045        2.2676216199755777     
   1.9691586014259070      F

          68   Translation
   2.0662931158149296       -4.0428618198188557       -3.7148704788331783     
   2.8582106481616916       -4.0832384618518693       -3.7241089170102861     
   1.9774709523467995       -3.9912452324417913       -3.6435525570182024     
   2.7693884846935615       -4.0316218744748049       -3.6527909951953101     
   1.9119662850349570      F

          69   Rotation
   3.4163543243303240       -2.7611229691307457        2.9774635796746241     
   3.1830160605248383       -3.4484248836201781        3.2968666682373557     
   2.9693124671938294       -3.0660879845036124        3.3529648234996019     
   3.6300579176613348       -3.1434598682473105        2.9213654244123761     
   0.0000000000000000      T

          70   Rotation
   2.5344441984021158        2.2162290196877730        2.5730260557352294     
   2.5287890220104332        2.4504535218520540        1.8154272822634940     
   2.6138638110142911        2.0830952796970452        1.8978745272638853     
   2.4493694093982552        2.5835872618427844        2.4905788107348381     
   0.0000000000000000      T

          71   Rotation
   2.3676305954008758       -2.8861674999887015       -3.4479195445540740     
   3.0712673796038876       -2.7726743987043183       -3.7955739589907318     
   2.5984115496778970       -2.6236272711979147       -3.3051853032683973     
   2.8404864253268696       -3.0352146274951100       -3.9383082002764103     
   65.268946293315651      F

          72   Rotation
   1.5860961131211579       0.29348460239346125       -2.9752405213351945     
   2.2299248898094031       0.21662166330107938       -3.4317770422206517     
   1.5801960074113233       0.30958264684869341       -2.9872301661199798     
   2.2358249955192377       0.20052361884584730       -3.4197873974358663     
  0.20022877221275870      F

          73   Translation
  -3.1761803831503421       0.39930739831621054       -1.1916350192144618     
  -2.4623540944966109       0.66730344894275517      -0.97373791855588543     
  -3.1643801838087033       0.30385775646141144       -1.1651580305884282     
  -2.4505538951549721       0.57185380708795608      -0.94726092992985178     
   4.9302950142584958      F

          74   Rotation
  -2.6463349975235690      -0.67662578589368150      -0.38646245928899109     
  -2.3129411142428982      -0.66484173001780378       -1.1058779544085682     
  -2.7832409200016439      -0.91774560794937921      -0.80959494068203042     
  -2.1760351917648233      -0.42372190796210607      -0.68274547301552890     
   0.0000000000000000      T

          75   Rotation
   1.8484387334534769       -1.3480751982369397       -2.1559691946153978     
   2.3990461078761971       -1.9153681014725272       -2.2180923076237433     
   2.4767540736065694       -1.5336658955447060       -2.3386226108417629     
   1.7707307677230975       -1.7297774041647580       -2.0354388913973773     
   0.0000000000000000      T

          76   Translation
 -0.43600741884808675       -2.4897348464661784        1.1500955789764458     
  -1.0278283828499686       -1.9711341522930299        1.2483313492997459     
 -0.41736055317271636       -2.5402454946776767        1.1079867834987378     
  -1.0091815171745981       -2.0216448005045282        1.2062225538220379     
 -0.16251069066785107      F

          77   Rotation
   1.7198911466729090        2.9589928662642904       -2.3314927001406871     
   1.0018927507623443        2.8952789888461532       -2.6620495716381694     
   1.4005756190747005        2.5672895409053891       -2.6584746742615097     
   1.3212082783605525        3.2869823142050518       -2.3350675975173472     
   0.0000000000000000      T

          78   Translation
   2.0878598822962693       -2.8183830950384126        1.9508569945430518     
   2.7857462073706976       -3.0908370529718470        2.2108041393254472     
   2.0371056308544699       -2.8610494097503958        1.9293297405308807     
   2.7349919559288982       -3.1335033676838302        2.1892768853132760     
  -1.5360595280763292      F

          79   Translation
   1.3031021928616264      -0.38845363062802735      -0.17209950175357819     
   1.6856048255239122      -0.87788968905554654       0.32084378171558081     
   1.3449679212836434      -0.43767459626927385      -0.26505788269341746     
   1.7274705539459292      -0.92711065469679310       0.22788540077574154     
  0.22596104478935164      F

          80   Rotation
   3.9579862169407742       -3.7731106000310928       -3.7271220908641984     
   4.3465423448356457       -3.7565342202116359       -3.0360371763222860     
   3.8193239205160872       -3.6303000307102327       -3.5497066566229827     
   4.4852046412603324       -3.8993447895324955       -3.2134526105635008     
   0.0000000000000000      T

          81   Rotation
   2.4105643783301609      -0.24866276571115070      -0.40149452426378091     
   2.8643439224912779       0.33534078526418065      -0.11535997942668033     
   2.4216343575523567      -9.39305042505952231E-002  4.45432871999627000E-002
   2.8532739432690821       0.18060852380362538      -0.56139779089042396     
   0.0000000000000000      T

          82   Translation
   3.7755464494056112       -2.0754379986207558        3.2497239365607853     
   2.9873811288814944       -1.9888487492884463        3.2376107444474225     
   3.7651682444831231       -2.1753873413260330        3.2726261500097431     
   2.9770029239590063       -2.0887980919937235        3.2605129578963803     
   4.8052962670913786      F

          83   Rotation
   3.7562343753832832        3.7729445380950053       -3.8819171056005071     
   4.4776900351452138        3.5168247297869106       -3.6751482133809912     
   3.7351060655449153        3.7340305216129401       -3.7197861764486166     
   4.4988183449835812        3.5557387462689753       -3.8372791425328803     
 -0.23124123018203946      F

          84   Translation
  -3.2526107645982187        1.0420155498729249        1.6489778396653214     
  -3.2643727442766921       0.97174616154001803        2.4387707675251291     
  -3.2163600480826857        1.0831177368979377        1.6465956040752285     
  -3.2281220277611591        1.0128483485650308        2.4363885319350365     
   6.2153207942809914      F

          85   Rotation
  -4.4479031064485168        3.4472542361364851       -1.4087910110174824     
  -3.9649667371758603        4.0358713307595835       -1.6304921141974946     
  -4.5733416704411347        3.6018393510889148       -1.4642425530465846     
  -3.8395281731832434        3.8812862158071550       -1.5750405721683927     
   7.4802610581071196      F

          86   Rotation
  -4.1158938711118269        1.2779599927292313       -3.9180263112619329     
  -4.2671770155903435        1.3886539416916037       -3.1475009970380547     
  -4.1041846868946035        1.3303578450714244       -3.9195108558529785     
  -4.2788861998075678        1.3362560893494109       -3.1460164524470091     
 -0.62581184503783849      F

          87   Rotation
   1.0169611037370716       -3.7938828365448294       0.34813445359296652     
   1.5362932065918906       -3.5492612289822461       0.89522076859079436     
   1.2166918215598790       -3.6827667576174377       0.22989363500154314     
   1.3365624887690839       -3.6603773079096373        1.0134615871822172     
   3.3166605568838401      F

          88   Rotation
  -1.3042984396273536       -3.0426729716434209      -0.12018786119138714     
  -1.9994158021096555       -2.8292766815473809      -0.43660985118085427     
  -1.7024454600603636       -3.3093139546159591      -0.40197460391462175     
  -1.6012687816766449       -2.5626356985748417      -0.15482310845761915     
   0.0000000000000000      T

          89   Translation
 -0.70682437210610771       -1.9097855223876945       -3.7716423810870898     
 -0.84804734671040627       -1.1865377005002984       -4.0645888942580850     
 -0.62678516028303632       -1.9808632022680759       -3.7050586916832615     
 -0.76800813488733488       -1.2576153803806798       -3.9980052048542567     
   2.3476765147729086      F

          90   Translation
 -0.58908445364881379      -0.83620190078819912       -1.0165301613780240     
 -0.28551735064757355       -1.1622740582661257      -0.36050198965586067     
 -0.65844921415269597      -0.73768596960115262       -1.0761504100841488     
 -0.35488211115145574       -1.0637581270790792      -0.42012223836198548     
   7.6108899885712109      F

          91   Rotation
  0.52885962360662608      -0.96168228434789271       -1.1417436035935107     
  0.49185203931928484      -0.21026225270450827      -0.89104981677327189     
  0.54042871280875415      -0.92696241032964044       -1.2164806800571213     
  0.48028295011715672      -0.24498212672276043      -0.81631274030966150     
   2.8253042017762784      F

          92   Rotation
  -2.1540699949229989       -3.4111817688124866        2.0409893296033839     
  -2.5371724940986229       -2.8566217645781289        1.6232038860692908     
  -2.2763665756404312       -3.4449122038280415        1.5961123947326639     
  -2.4148759133811919       -2.8228913295625753        2.0680808209400103     
   0.0000000000000000      T

          93   Rotation
  -1.7039813803529338       -3.2757634186061169       -3.8288570745899237     
  -1.1062177232994843       -2.9695377521493982       -3.4072489016269021     
  -1.7439397491127391       -3.1648563520366317       -3.8195926714552919     
  -1.0662593545396790       -3.0804448187188833       -3.4165133047615339     
   15.504093166675194      F

          94   Translation
  8.09837637451040621E-002   4.3041599505173282        2.9484406031484336     
 -0.17444686426664668        3.8831965234049055        2.3268346288308690     
  0.14098561348191924        4.2395004282267266        2.9154664613022621     
 -0.11444501452983151        3.8185370011143038        2.2938604869846975     
 -0.20358100130495949      F

          95   Translation
   1.6782871571159892       0.19397262725684261       -2.9727715897502325     
   2.3221159338042341       0.11710968816446075       -3.4293081106356897     
   1.5860961131211579       0.29348460239346125       -2.9752405213351945     
   2.2299248898094031       0.21662166330107938       -3.4317770422206517     
   10.581446859539703      F

          96   Translation
   2.8239402240829312      -0.37827086397103443       -4.0779729590983598     
   3.5210717848683037      -2.97511152417301097E-002  -4.2242281186743131     
   2.8548751140757322      -0.38485728033908889       -4.0654698926881290     
   3.5520066748611048      -3.63375316097845902E-002  -4.2117250522640823     
   1.0238242353403626      F

          97   Rotation
  -1.0671349853665086       -1.3037075528324833       -1.7419521625604328     
  -1.5539314168793741      -0.74339639957911907       -1.4627933443113499     
  -1.0098947682211752       -1.2267202677503928       -1.7622208937854804     
  -1.6111716340247075      -0.82038368466120937       -1.4425246130863023     
  -2.3663495168447417      F

          98   Translation
  -3.9661010304551052      -0.40769119416264593       0.25499340820503458     
  -3.7096413125432264      -0.45881165253317818      -0.49364810268287884     
  -3.9461607543340027      -0.38377549681043599       0.25037672805132827     
  -3.6897010364221239      -0.43489595518096824      -0.49826478283658515     
  6.26419121247270283E-002 F

          99   Rotation
  -1.8527154400922146      -6.21463817824500359E-002  -3.2235212918806151     
  -1.2545767336336260       0.13696579902388262       -3.7045965742331672     
  -1.3085359873856643       0.19371022364829488       -3.1944231822070401     
  -1.7987561863401749      -0.11889080640686268       -3.7336946839067400     
   0.0000000000000000      T

         100   Rotation
   3.7022114387232254        1.5912903071041673        1.6358838298702585     
   3.5341162339016412       0.88657953437813652        1.3134311528463807     
   3.4408309792103928        1.4508138613244110        1.7590386129703941     
   3.7954966934144743        1.0270559801578929        1.1902763697462444     
   14.847012450737566      F

         101   Translation
 -0.97440328828681622        1.6996306327289945      -0.79902399778480249     
 -0.57830928651840152        2.3293538519368870       -1.0736277285561249     
  -1.0658824319284861        1.7595244392195895      -0.88335346030039852     
 -0.66978843016007139        2.3892476584274820       -1.1579571910717208     
   3.1476265197882340      F

         102   Rotation
  -2.3880363809129639       -1.9070649080520967       -4.0840551802874012     
  -2.4287064386239492       -2.6663449605993641       -3.8589135621675825     
  -2.1368571426567198       -2.0303488334362596       -3.8381659468011393     
  -2.6798856768801955       -2.5430610352152021       -4.1048027956538409     
   44.041852166975204      F

         103   Translation
  0.47883577355207130       -1.0154968759586880       -1.2700866700331057     
  0.41869001086047386      -0.33351659235180792      -0.86991873028564581     
  0.54042871280875415      -0.92696241032964044       -1.2164806800571213     
  0.48028295011715672      -0.24498212672276043      -0.81631274030966150     
  -1.9549346068383926      F

         104   Rotation
  -2.4226794568253784        2.3679540098895724       -2.5630036760067170     
  -2.3855747840799273        1.8346958870724299       -3.1487579057908328     
  -2.6229147174399290        1.7995719681583671       -2.9911190113504649     
  -2.1853395234653763        2.4030779288036337       -2.7206425704470867     
   41.595244867933147      F

         105   Translation
 -0.59534997802915179       -1.9533565665710106        3.0257522588834731     
 -0.88060250773816562       -1.5583312392869606        2.4001046063675076     
 -0.59571365233589979       -1.8490063146345004        3.0517854199635850     
 -0.88096618204491361       -1.4539809873504503        2.4261377674476194     
   7.7412376857258725      F

         106   Rotation
  0.12594540308199165       0.42767618933943191      -0.69166499127724590     
 -0.64739073611295683       0.31735382909562948      -0.55517619083820269     
 -0.45930467070674857       0.31753647043897149      -0.96217536650030722     
 -6.21406623242168887E-002  0.42749354799608985      -0.28466581561514148     
   79.527980326948139      F

         107   Rotation
 -0.21528527802215619        2.0582055075625316       -4.1506857709239391     
 -0.18485642361033780        2.1754270800722866       -3.3669880053551422     
 -0.27481379267645445        2.0919199466307297       -4.1474316829307760     
 -0.12532790895603876        2.1417126410040885       -3.3702420933483057     
   2.4090982707133142      F

         108   Rotation
  -1.7432498008949135        3.1035337474770262        3.3134077495625180     
  -1.0787277374580477        3.1723762269695346        3.7406315085260529     
  -1.7095329722253680        3.1417900222134625        3.2661194540107519     
  -1.1124445661275932        3.1341199522330982        3.7879198040778190     
 -0.94800496907159149      F

         109   Rotation
  -1.2421829746416346      -0.13344961410994294        3.7311830502962282     
 -0.87343010416078581       0.17543503540433136        4.3616278090234157     
  -1.0433006403406919      -0.34746379709872455        3.9006603412618652     
  -1.0723124384617284       0.38944921839311353        4.1921505180577787     
   0.0000000000000000      T

         110   Translation
  0.64573812602455272       -1.0915230063962778       -4.3479962806198476     
  0.39479754400133926       -1.6375286879764266       -3.8305452008296399     
  0.64569891008902980       -1.1440329786992187       -4.4421031275791298     
  0.39475832806581634       -1.6900386602793676       -3.9246520477889222     
   6.6704756202923710      F

         111   Translation
 -0.62953593752043413       -1.9457542594492914        3.0367576037395141     
 -0.91478846722944795       -1.5507289321652413        2.4111099512235485     
 -0.59571365233589979       -1.8490063146345004        3.0517854199635850     
 -0.88096618204491361       -1.4539809873504503        2.4261377674476194     
   6.1296908290213041      F

         112   Rotation
 -0.16246040026894784       -1.2801043451543515        3.3362710597584044     
 -0.16420794038336423      -0.55205808613466134        3.0219549913957118     
 -0.27693641934559265      -0.96827692320720926        3.5553873764565118     
 -4.97319213067195232E-002 -0.86388550808180320        2.8028386746976044     
   0.0000000000000000      T

         113   Translation
  -2.8195751754563343      -9.32263381220214266E-002  -2.9878633433851824     
  -2.3769887652312409       0.53568596944742775       -2.7943805822105983     
  -2.8508444538753306      -4.03313115436757935E-002  -3.0868428792793838     
  -2.4082580436502372       0.58858099602577341       -2.8933601181047996     
   4.1307136094149506      F

         114   Rotation
   3.8183672820767378       -1.1176953254007476        1.0070022065195170     
   4.0049516444966153       -1.8883884211360966        1.0152136550052941     
   3.8370408294383074       -1.7705228621578524        1.2941242378285109     
   3.9862780971350462       -1.2355608843789918       0.72809162369629976     
   54.009570641014051      F

         115   Translation
  -1.5771284255530693        2.1975219622678259       -4.2667972057054762     
  -2.2421648679955193        1.8456390711557862       -4.0162897982977617     
  -1.5427226673835779        2.1551904028537137       -4.3282064923388752     
  -2.2077591098260276        1.8033075117416737       -4.0776990849311607     
   1.0672561648283159      F

         116   Rotation
   3.8793730192052882       -3.5336640365127416       0.80275117397697815     
   3.8087866163975073       -3.9712921047953120        1.4602830998862188     
   3.9436549515376993       -4.0967588797686645       0.96190650278159917     
   3.7445046840650975       -3.4081972615393865        1.3011277710815998     
   0.0000000000000000      T

         117   Rotation
  -1.1508835431288311       -4.1466814886066130       -2.5488715226812464     
  -1.7010410542267338       -4.2136490939036397       -1.9816933735752087     
  -1.7135683080192159       -4.0265002998153401       -2.4908530663312822     
  -1.1383562893363504       -4.3338302826949127       -2.0397118299251735     
   0.0000000000000000      T

         118   Translation
   1.6797627781910447       0.34678366390624726       -3.0285263011300567     
   2.3235915548792896       0.26992072481386536       -3.4850628220155140     
   1.5860961131211579       0.29348460239346125       -2.9752405213351945     
   2.2299248898094031       0.21662166330107938       -3.4317770422206517     
   10.775827983410931      F

         119   Rotation
  -2.4162746057653250       -2.4381261788767672       -1.3898690548512027     
  -1.8266824302626965       -2.0274957129981286       -1.0542909162927145     
  -2.3703783015558342       -2.4276083361838170      -0.98267421181944559     
  -1.8725787344721860       -2.0380135556910792       -1.4614857593244721     
  0.35329884763918118      F

         120   Rotation
  -3.2965102105503656       -2.1776032427515557        3.5950793514721866     
  -2.9352451543367741       -1.5516752596551595        3.9215004278993542     
  -3.2249683690083724       -2.1842242854373297        3.5504994231130920     
  -3.0067869958787674       -1.5450542169693855        3.9660803562584488     
 -0.80590885492895215      F

         121   Rotation
  -2.5943707908492315       -3.3417115569529980        1.6037306640761426     
  -2.0968716981723907       -2.9260919764376183        2.0604625515965327     
  -2.2763665756404312       -3.4449122038280415        1.5961123947326639     
  -2.4148759133811919       -2.8228913295625753        2.0680808209400103     
   0.0000000000000000      T

         122   Translation
  -3.1166001761836126        1.0394928984911189        1.5539287588482094     
  -3.1283621558620860       0.96922351015821206        2.3437216867080175     
  -3.2163600480826857        1.0831177368979377        1.6465956040752285     
  -3.2281220277611591        1.0128483485650308        2.4363885319350365     
   11.883350753237195      F

         123   Rotation
   2.0233143099515294        2.2773816690930442       -4.5490443098936648     
   1.9468551566441898        2.1634215173864590       -3.7680090471183183     
   1.5914396352001281        2.1729755358881735       -4.1610871135696064     
   2.3787298313955958        2.2678276505913284       -4.1559662434423741     
   0.0000000000000000      T

         124   Translation
  -2.9428933546245526        3.4070281331951247       -3.8114082130461799     
  -2.2894919502506257        3.0100064648048974       -3.6009577447862569     
  -2.8950369835290215        3.4946765343528594       -3.8075776092884857     
  -2.2416355791550946        3.0976548659626322       -3.5971271410285626     
  0.77203342794506735      F

         125   Rotation
  -2.7904489099320844        3.0438860031975628       -2.1548403599088330     
  -2.1669055130248567        3.4898510709194666       -2.3577141890371909     
  -2.6753644403549153        2.9668968055227420       -2.0873295184170715     
  -2.2819899826020258        3.5668402685942873       -2.4252250305289529     
  0.74147656139818707      F

         126   Rotation
   1.4605249163703578      -0.79916093221033768       -2.0950084026090341     
  0.98249962377512179      -0.25689529664963673       -1.7689887711001482     
   1.3346279319896432      -0.89926547060732798       -2.0132384933510874     
   1.1083966081558361      -0.15679075825264654       -1.8507586803580949     
  0.28384531490775267      F

         127   Rotation
   1.3592614479675060      -0.26243472513540106       3.54297435675427208E-002
   1.6294455704180328       -1.0039085945481729       0.11331453639445986     
   1.3031021928616264      -0.38845363062802735      -0.17209950175357819     
   1.6856048255239122      -0.87788968905554654       0.32084378171558081     
   37.388034067804227      F

         128   Rotation
   3.5711307344678436        1.6290676713593812        1.5275401371500117     
   3.6651969381570235       0.84880217012292258        1.4217748455666273     
   3.4408309792103928        1.4508138613244110        1.7590386129703941     
   3.7954966934144743        1.0270559801578929        1.1902763697462444     
  -1.9815985524066950      F

         129   Translation
  0.69106570330259720        2.8587543668023683       -3.2753865717674073     
   1.2731036799762057        3.2802984256414547       -3.6106199235794985     
  0.70931069946698178        2.8427730089142158       -3.3789416470319158     
   1.2913486761405901        3.2643170677533022       -3.7141749988440069     
   1.5435246797299742      F

         130   Rotation
  0.93464120166269937       -3.4349027313381004       -4.3998920688507042     
   1.1096222122920154       -4.1145669700710412       -4.0307211483995857     
   1.2186546398123266       -3.4598579091178747       -4.0758666626736630     
  0.82560877414238454       -4.0896117922912660       -4.3547465545766304     
   69.179699097243144      F

         131   Translation
   2.4920836116482614      -0.12048744185765023       4.31986988852698997E-002
   2.9237231973649869       0.15405158619657039      -0.56274237920511672     
   2.4216343575523567      -9.39305042505952231E-002  4.45432871999627000E-002
   2.8532739432690821       0.18060852380362538      -0.56139779089042396     
  0.74992739824581767      F

         132   Rotation
  -3.0980080017365959       0.59489999556689566      -0.83681186366664995     
  -2.5169260772270801       0.28081156798247175       -1.2756070968516298     
  -3.1643801838087033       0.30385775646141144       -1.1651580305884282     
  -2.4505538951549721       0.57185380708795608      -0.94726092992985178     
   36.806461416054688      F

         133   Rotation
   2.1819620497980714       -2.6831100265246675        1.9446100050962192     
   2.6916440398688950       -3.2261101214855925        2.2170511287722796     
   2.0878598822962693       -2.8183830950384126        1.9508569945430518     
   2.7857462073706976       -3.0908370529718470        2.2108041393254472     
   9.0956222192996101      F

         134   Rotation
  -3.5772645586392913        3.2201282060936727       -2.8201669545249599     
  -3.2213832952942898        2.5905915671005841       -3.1455607875415801     
  -3.3836841055343112        3.2790770000868572       -2.8513223754113000     
  -3.4149637483992703        2.5316427731073996       -3.1144053666552391     
  -1.1645624191211006      F

         135   Rotation
 -0.36524515525191864        1.9193962830830007        1.9374909764586588     
  -1.1080341132038420        1.6431466362446632        1.9092120697190129     
 -0.92044440660834781        1.6506233416568092        1.5972240558135586     
 -0.55283486184741204        1.9119195776708555        2.2494789903641141     
   11.698819522523925      F

         136   Translation
  -2.3760465364267525      -0.91088808366592355       -3.4520092141469250     
  -1.6311679473899101       -1.1563928364119398       -3.3348243005547862     
  -2.3635664124128795      -0.97265860263016402       -3.4675618231047496     
  -1.6186878233760369       -1.2181633553761801       -3.3503769095126108     
  0.90972331767109171      F

         137   Rotation
   2.4637557822554692        1.3816714004060677       -4.0249600695878245     
   2.8501365088336268       0.69497966483838935       -4.1144776345233831     
   2.9789526474785140        1.2478397592711834       -3.9715972359664722     
   2.3349396436105820       0.82881130597327379       -4.1678404681447354     
   7.1346931943511951      F

         138   Translation
   1.9512995041494678        1.5443896728373763       -2.2019791522322070     
   2.5647279214069667        1.9670983901722641       -1.9301852649020259     
   2.0057339053527308        1.6113604329729412       -2.2039640596679355     
   2.6191623226102294        2.0340691503078290       -1.9321701723377542     
   3.3173886681399085      F

         139   Translation
   3.2139923112250193        2.3301278796183515      -0.49270933904968267     
   3.7691768366635126        1.8089355522058381      -0.27140027787057935     
   3.1723771614601626        2.2528065865168410      -0.47343816087274393     
   3.7275616868986559        1.7316142591043278      -0.25212909969364061     
   11.062074255687683      F

         140   Rotation
  8.10439954535412677E-002   3.1086041718371495      -0.18865094213561240     
 -0.41824882996838314        3.1186490974856795       0.42734806269386488     
  6.66311631068981225E-002   3.1124085922504849      -0.19983152845083885     
 -0.40383599762174005        3.1148446770723441       0.43852864900909128     
  0.56594034479584909      F

         141   Rotation
   1.6106512149788559        2.3490551397179891       -4.1799755791264488     
   2.3595182516168682        2.0917480467615079       -4.1370777778855299     
   1.5914396352001281        2.1729755358881735       -4.1610871135696064     
   2.3787298313955958        2.2678276505913284       -4.1559662434423741     
   5.3934131671069547      F

         142   Rotation
   3.3470658534340951       -3.6724452310932780       -1.8531102122987275     
   4.1390259639051870       -3.7113072546645727       -1.8648544256212414     
   3.3826684212069433       -3.7111375120420678       -1.6947589343879359     
   4.1034233961323388       -3.6726149737157825       -2.0232057035320343     
   24.268628692650619      F

         143   Rotation
  -2.8462195162889037      -0.70121727308878889      -0.59818021329523197     
  -2.1130565954775635      -0.64025024282269638      -0.89416020040232735     
  -2.7832409200016439      -0.91774560794937921      -0.80959494068203042     
  -2.1760351917648233      -0.42372190796210607      -0.68274547301552890     
   53.489145715480447      F

         144   Rotation
   4.1289393737544646        3.1490190048162128      -0.17260102965267943     
   3.5867888693064556        3.6220300203183369      -0.50604129377867835     
   4.2398042283089072        3.4021567153438128      -0.23416710965458376     
   3.4759240147520121        3.3688923097907364      -0.44447521377677368     
   47.269729772099254      F

         145   Translation
   1.8526859143933754       -3.1824752722782144       -1.7918008795157776     
   1.4901733094070151       -3.5772085439347627       -1.2073188391815035     
   1.8377228009345563       -3.0927496305589361       -1.7892251282388500     
   1.4752101959481960       -3.4874829022154845       -1.2047430879045760     
   4.3113725432588748      F

         146   Rotation
   2.6102251586107630        4.2928101322911987      -5.39958162656714313E-002
   3.0253015502196918        3.9544353700675532       0.53086579934864808     
   2.8391218546371464        4.1327104753178538      -0.15738501520179252     
   2.7964048541933080        4.1145350270408976       0.63425499828476828     
   35.435173785647891      F

         147   Rotation
   1.5002562419187322       -2.1890456228979644       -1.8074448478926046     
  0.84434063942628923       -2.6319831465829502       -1.7581490821637784     
   1.2707288016225300       -2.2818929225045972       -1.4208850510276174     
   1.0738680797224915       -2.5391358469763174       -2.1447088790287654     
   0.0000000000000000      T

         148   Rotation
   1.3450973413173533        3.2631088884183512       -2.7067352993696137     
   1.3766865561179007        2.5911629666920901       -2.2868069724092490     
   1.4005756190747005        2.5672895409053891       -2.6584746742615097     
   1.3212082783605525        3.2869823142050518       -2.3350675975173472     
   15.689186343246455      F

         149   Translation
  -3.0413948182304016       -3.2986659321181624        3.5398528271645229     
  -2.2712130578611149       -3.2380640681321577        3.3609772556744431     
  -3.0094645545427787       -3.3514310845666166        3.5714047671954487     
  -2.2392827941734921       -3.2908292205806120        3.3925291957053689     
  0.95052409102469815      F

         150   Rotation
   3.6734451638613663        1.6310893634193615        1.4939219122468146     
   3.5628825087635008       0.84678047806294232        1.4553930704698244     
   3.5711307344678436        1.6290676713593812        1.5275401371500117     
   3.6651969381570235       0.84880217012292258        1.4217748455666273     
   2.4307351147002860      F

         151   Translation
  -1.4342689912339015      -6.64130437628339676E-002   1.8192454250846115     
  -1.2502456925752590       0.70484702557745416        1.8073151697639886     
  -1.4220274500345134       2.73359718599322510E-002   1.9205236804772166     
  -1.2380041513758708       0.79859604120022043        1.9085934251565937     
   14.692857683402817      F

         152   Translation
   1.7205849570731806      -0.23345675611741737        1.8712009778232754     
   1.9881964841814359      -0.42787792755412907        1.1504836416532853     
   1.6821536989348138      -0.20690372906760124        1.9107602743171108     
   1.9497652260430691      -0.40132490050431291        1.1900429381471207     
  0.87101358011665386      F

         153   Translation
   1.8682913673945589       -3.0661948777867929       -1.6990933094651555     
   1.5057787624081986       -3.4609281494433413       -1.1146112691308814     
   1.8377228009345563       -3.0927496305589361       -1.7892251282388500     
   1.4752101959481960       -3.4874829022154845       -1.2047430879045760     
   4.6385557926194450      F

         154   Translation
   2.9424524487277610       -2.6747268050438087        1.3800289020606029     
   2.5567847778324433       -3.1739963487490335       0.89957144259663746     
   2.9832647175154330       -2.6011328786867809        1.3641508762239618     
   2.5975970466201153       -3.1004024223920057       0.88369341675999635     
   2.3910048096141141      F

         155   Rotation
  -2.3516138066782499       -2.8130383404804800       -2.1634396113740868     
  -2.8196328578587098       -3.0917970482551240       -2.7397214439629320     
  -2.2423523977346873       -2.9388133366665756       -2.2536102345540248     
  -2.9288942668022724       -2.9660220520690288       -2.6495508207829945     
   15.207439893232435      F

         156   Translation
   1.0089853849808628       -1.8892000143748915       -3.0789603886228467     
   1.6863336653052712       -1.4839115994334160       -3.1550498613229885     
  0.99900385454773066       -1.8483680134761351       -3.0652619961085246     
   1.6763521348721391       -1.4430795985346596       -3.1413514688086663     
 -0.25977822988613486      F

         157   Rotation
  -3.7249309741774783        1.4942836482413815       -2.3097904701326697     
  -3.7437315394845068        2.2844382058222585       -2.2453597796327447     
  -4.1284464858223178        1.8962837667439028       -2.3204413186422914     
  -3.3402160278396669        1.8824380873197362       -2.2347089311231243     
   0.0000000000000000      T

         158   Rotation
 -0.68917286075949247       -2.0145254335774547       -3.8814231689350986     
 -0.70562043441087718       -1.2239531490713003       -3.8216407276024200     
 -0.62678516028303632       -1.9808632022680759       -3.7050586916832615     
 -0.76800813488733488       -1.2576153803806798       -3.9980052048542567     
   13.306687604098554      F

         159   Rotation
  -3.7713387577638744       -3.1213916996606694       -1.2813798408828359     
  -3.0234503940051565       -3.2816290762848839       -1.0720094072325621     
  -3.5647871823782786       -3.4094939556710346       -1.4698410053396989     
  -3.2300019693907540       -2.9935268202745191      -0.88354824277570354     
   0.0000000000000000      T

         160   Rotation
  -2.5987948708142139      -8.76383744392423281E-002   1.8885547760992720     
  -2.3621998296156801       0.64511421402066671        2.0781475781397591     
  -2.5969639278186505      -8.77617223130043311E-002   1.8867810024322591     
  -2.3640307726112435       0.64523756189442871        2.0799213518067718     
 -9.87409625499053867E-002 F

         161   Rotation
   2.2563729486439863       -1.1153795498694921        1.1093078363831022     
   2.7156326110538935       -1.4721808583416236        1.6484018808277727     
   2.5775549100078816       -1.1690758599863864        1.7439292127049373     
   2.3944506496899987       -1.4184845482247299        1.0137805045059367     
   0.0000000000000000      T

         162   Rotation
  -2.9686698112454768       -1.7936827281717049        3.3970319977351795     
  -3.2630855536416630       -1.9355957742350103        4.1195477816363617     
  -3.2965102105503656       -2.1776032427515557        3.5950793514721866     
  -2.9352451543367741       -1.5516752596551595        3.9215004278993542     
   0.0000000000000000      T

         163   Rotation
   1.0541858787065701        4.2870470297568479       -3.2653171458530230     
  0.50584339625268337        4.1577362249395247       -2.7072416691531318     
   1.0177161392211800        4.4323913544274696       -3.2242087262018009     
  0.54231313573807305        4.0123919002689057       -2.7483500888043535     
  -2.1863664660931761      F

         164   Rotation
  -1.2453662243597023       0.51402943915499288        2.9379912014348317     
 -0.85080057642251006      -0.16298837054483023        2.8162791033625600     
  -1.2547175079728714       0.50977752976731572        2.9299258387784577     
 -0.84144929280934100      -0.15873646115715329        2.8243444660189341     
  0.73501077577742091      F

         165   Translation
  0.84341385220077936       -2.4337600550623155        4.0095289068396358     
  0.25495960411993351       -2.1560337715511211        3.5562754354103849     
  0.85653314903805966       -2.5214436980367587        3.9923178932232193     
  0.26807890095721387       -2.2437174145255643        3.5390644217939689     
  0.90438028929385350      F

         166   Rotation
  -4.0268323005822557        2.9602582296170663       -2.0810964286060045     
  -3.7875290300570654        2.6398999770814227       -1.3962946070924771     
  -4.1279603361954944        2.7925842870396300       -2.0679559233893565     
  -3.6864009944438276        2.8075739196588598       -1.4094351123091262     
   3.0155925069474803      F

         167   Rotation
   1.5683971614978685       0.17440540384720118       -3.0154370584293289     
   2.2476238414326923       0.33570086184733944       -3.3915805051265173     
   1.5860961131211579       0.29348460239346125       -2.9752405213351945     
   2.2299248898094031       0.21662166330107938       -3.4317770422206517     
   3.0003681078192965      F

         168   Rotation
 -8.08638158633235848E-002 -0.62834862740909136       -3.9977258471834447     
 -0.28713409302690285      -0.30028425271161036       -3.3058621764988088     
  0.18452744781693078      -0.60314892383742302       -3.6979034716523711     
 -0.55252535670715730      -0.32548395628327809       -3.6056845520298819     
   12.657709121071388      F

         169   Translation
   2.5127797137202736      -0.12525959148540100      -1.33167930617918220E-002
   2.9444192994369991       0.14927943656881962      -0.61925787115217845     
   2.4920836116482614      -0.12048744185765023       4.31986988852698997E-002
   2.9237231973649869       0.15405158619657039      -0.56274237920511672     
  0.79297559340039525      F

         170   Translation
  0.13362144510109569        1.4406858231357931        1.0633851535620702     
  0.86206079748362829        1.6950750310004099       0.88032439637331295     
  5.88161969668194451E-002   1.3767230547156342        1.1168223221923990     
  0.78725554934935205        1.6311122625802510       0.93376156500364171     
  0.87972470119610202      F

         171   Rotation
   4.0740124394206561       -3.4452238194783464       0.12610274567497770     
   3.3131332002314724       -3.3211835486253429      -5.97084342297598270E-002
   4.0780746311729121       -3.3631358940426210       0.12789610437113169     
   3.3090710084792163       -3.4032714740610679      -6.15017929259134635E-002
  0.16996563367731010      F

         172   Rotation
   4.6052704531957787       -1.1464939527557070        3.6499936395875454     
   3.8376819017074011       -1.3361984046436000        3.7105662122413268     
   4.5449294725258218       -1.4702143267535392        3.6658028159815785     
   3.8980228823773571       -1.0124780306457657        3.6947570358472941     
   37.652613441218541      F

         173   Translation
  0.44064502944420669       -1.8763888257035011        1.2554519205142978     
 -0.11216363112978571       -1.4663714835898767       0.86157711304311213     
  0.46600560270178831       -1.9649467962233111        1.1766757485743429     
 -8.68030578722040758E-002  -1.5549294541096867       0.78280094110315712     
   18.429975898148086      F

         174   Rotation
   3.6653707312198325        2.7882887631176381       -3.0268864774578206     
   3.5933670865808205        2.2228520938248608       -3.5781993180282061     
   3.8822189996113718        2.6565901624187842       -3.0370770400779823     
   3.3765188181892758        2.3545506945237187       -3.5680087554080449     
   1.5853922020230899      F

         175   Rotation
   1.1379671739243471       0.54741400682147279        2.7505679855394685     
   1.6728686175698406       0.64230678002715957        3.3282571815430799     
   1.6859620310506567       0.35915929771942512        2.8879126441673932     
   1.1248737604435317       0.83056148912920724        3.1909125229151556     
   44.854667354004903      F

         176   Rotation
  -4.0784164236051375       -2.8188401147188387       0.62567019642420041     
  -3.9239342478768102       -2.2721171767776585        1.1789136207061306     
  -3.8767847798236037       -2.4789216478559970       0.53173907072670701     
  -4.1255658916583444       -2.6120356436404988        1.2728447464036265     
   69.754349001219879      F

         177   Rotation
  0.99608593448019467       -1.7515081395601220       -2.9455715960733420     
   1.6992331158059397       -1.6216034742481851       -3.2884386538724928     
   1.0089853849808628       -1.8892000143748915       -3.0789603886228467     
   1.6863336653052712       -1.4839115994334160       -3.1550498613229885     
   5.1839715846091066      F

         178   Translation
   3.3718147731575328      -4.36570550601108331E-002   3.2909304490775164     
   2.6443994875537924      -4.21857676847367802E-002   3.6067054284274982     
   3.3370453403164162      -0.12850629816418985        3.2047332006828055     
   2.6096300547126758      -0.12703501078881579        3.5205081800327873     
   10.680115783017026      F

         179   Rotation
   2.8956311834380628      -6.25299391306965019E-002  -1.7218812273965933     
   3.4733289155912610      -0.27419468660367824       -2.2221934948278963     
   3.0693667879908801      -1.51269083082316014E-002  -1.6249349298170850     
   3.2995933110384428      -0.32159771742614235       -2.3191397924074044     
   17.595932855313261      F

         180   Rotation
 -0.37264994309856347       -2.0638087701894596        1.1798575630828905     
  -1.0911858585995005       -2.3970602285697566        1.2185693651933041     
 -0.43600741884808675       -2.4897348464661784        1.1500955789764458     
  -1.0278283828499686       -1.9711341522930299        1.2483313492997459     
   0.0000000000000000      T

         181   Translation
 -0.65737729868228267       -2.7227081742961281        3.2905988938575987     
  -1.3920661758601109       -2.7495178715728499        2.9933405989638846     
 -0.62159894046808006       -2.8140113617870037        3.3644711397414349     
  -1.3562878176459083       -2.8408210590637255        3.0672128448477207     
   5.3489641257171119      F

         182   Rotation
  -3.4089596486923086       0.29676064578992101        1.3764884367787880     
  -3.5608367668850343       0.53804652223237259       0.63651312178587238     
  -3.8146164723258309       0.60890664172371034        1.1152421923563756     
  -3.1551799432515111       0.22590052629858276       0.89775936620828367     
   82.056405636854521      F

         183   Rotation
  -3.9459043664438931       -1.8945787532132863       -1.6142422571932715     
  -3.4680890903515116       -2.3552483095911647       -2.0482066817252393     
  -3.9748230667729931       -1.9345042859705632       -1.6093559910162212     
  -3.4391703900224115       -2.3153227768338880       -2.0530929479022895     
   1.0872270208586450      F

         184   Translation
  0.37332936945211548       -3.3599616587053585        1.3471948195484986     
 -0.37208085206900005       -3.5812924733734817        1.5028395179168792     
  0.30895234511393954       -3.4031350227656900        1.4320047133423435     
 -0.43645787640717598       -3.6244658374338132        1.5876494117107240     
   3.6083446809911082      F

         185   Rotation
  -1.2089319723282594      -0.23956370888617151       0.47857739096088409     
 -0.57434054119483258      -0.41009527435434823       0.92249371270519975     
  -1.1773244455592486      -0.31711554770137945       0.97537187376066625     
 -0.60594806796384315      -0.33254343553914062       0.42569922990541781     
   37.376577792588208      F

         186   Translation
   2.4812674902895941       -1.1208035405759453        1.7427948800020447     
   2.2981632299717112       -1.3702122288142888        1.0126461718030442     
   2.5775549100078816       -1.1690758599863864        1.7439292127049373     
   2.3944506496899987       -1.4184845482247299        1.0137805045059367     
  0.28812114991900017      F

         187   Translation
  -2.5148964536511791       0.85019051951013302        3.2898773761036333     
  -2.0141987340726710        1.4451188158480819        3.4454765914786210     
  -2.4950147146521902       0.78129847941153052        3.1966096890646694     
  -1.9943169950736823        1.3762267757494793        3.3522089044396570     
   14.952461164894032      F

         188   Translation
  -1.7842245660454950        2.6205118623320764        1.4822417146805102     
  -2.0727430475861883        2.7459561535830108       0.75432014225529076     
  -1.7566798855868955        2.6510579331997883        1.5401368778428706     
  -2.0451983671275888        2.7765022244507227       0.81221530541765108     
  0.68593493809697081      F

         189   Translation
  -2.1061398049414124       -4.0981078041716552       -3.9216198231317452     
  -2.4610887276880153       -3.9530438914198354       -3.2274896311229493     
  -2.1062428520726257       -4.0136795827297949       -3.9296390456627384     
  -2.4611917748192287       -3.8686156699779746       -3.2355088536539425     
  -2.7418390548859497      F

         190   Rotation
  0.81868755571853802        3.4757801814270035        1.9930628529555545     
  0.66838439293344964        3.8409472506102755        1.3053776263868198     
  0.59900017327168842        3.2950625914305589        1.5833875343749235     
  0.88807177538029880        4.0216648406067197        1.7150529449674505     
   10.004443129675643      F

         191   Translation
  -3.7872655619236717       -2.5483946122979364       0.54598653688597898     
  -4.0360466737584124       -2.6815086080824382        1.2870922125628985     
  -3.8767847798236037       -2.4789216478559970       0.53173907072670701     
  -4.1255658916583444       -2.6120356436404988        1.2728447464036265     
   11.564424018731085      F

         192   Translation
  -1.2766837273983991        3.2680536686669517        2.2602527022638155     
 -0.67370725592723890        2.9948932351872100        1.8236158366267678     
  -1.1962525346692836        3.2569836601361497        2.1793914959892904     
 -0.59327606319812332        2.9838232266564080        1.7427546303522428     
 -0.26953079844193617      F

         193   Translation
  0.50732046529767061        3.2402115082176857        1.6751844740254378     
  0.79639206740628099        3.9668137573938465        1.8068498846179648     
  0.59900017327168842        3.2950625914305589        1.5833875343749235     
  0.88807177538029880        4.0216648406067197        1.7150529449674505     
  0.38268963965954095      F

         194   Rotation
  -3.1398509310069782       0.23673690023461741       -1.1354836509749302     
  -2.4750831479566973       0.63897466331475017      -0.97693530954334962     
  -3.1643801838087033       0.30385775646141144       -1.1651580305884282     
  -2.4505538951549721       0.57185380708795608      -0.94726092992985178     
   1.9435171129125495      F

         195   Rotation
  -2.9164924478627414        2.6375818237251014      -0.21023773457678724     
  -3.4156687032334427        2.9805594841256950       0.30165912079570401     
  -3.3647198370391482        2.7056885390134120       0.37292137770062417     
  -2.9674413140570355        2.9124527688373831      -0.28149999148170657     
   2.6722967740007619      F

         196   Translation
   2.8458214570713127        4.0910815546566228      -0.12716079101293731     
   2.8031044566274743        4.0729061063796665       0.66447922247362345     
   2.8391218546371464        4.1327104753178538      -0.15738501520179252     
   2.7964048541933080        4.1145350270408976       0.63425499828476828     
  0.57165261709788506      F

         197   Translation
   1.7898925817981468        2.7872602566335405       -1.5101610551003883     
   1.1356986977820054        2.3989445579783832       -1.2863524755198998     
   1.8877286086001208        2.7426435895796710       -1.5292609940619732     
   1.2335347245839794        2.3543278909245138       -1.3054524144814847     
   4.8776100620145000      F

         198   Translation
   4.1366686906836874       0.77554058322531616      -0.72587915733419228     
   3.8212854221406869       7.86126556319681896E-002 -0.93486206970639962     
   4.1859231243041997       0.79042292235130729      -0.68778735858546602     
   3.8705398557611987       9.34949947579593599E-002 -0.89677027095767337     
   1.5722220998731813      F

         199   Rotation
  0.14488908970114370       -2.0690005119250494        1.2240609017345232     
  0.23431345512844037       -1.4508757384079483       0.73541578794297668     
  0.46600560270178831       -1.9649467962233111        1.1766757485743429     
 -8.68030578722040758E-002  -1.5549294541096867       0.78280094110315712     
   0.0000000000000000      T

         200   Translation
 -0.82939919923189342        1.6896849861854764        1.5367900371298346     
 -0.46178965447095766        1.9509812221995226        2.1890449716803904     
 -0.92044440660834781        1.6506233416568092        1.5972240558135586     
 -0.55283486184741204        1.9119195776708555        2.2494789903641141     
  -5.2849944646480020      F

         201   Translation
   3.2838112784773692        3.2317349751286364        1.1996582953332000     
   3.8309341374512158        2.9195231583320900       0.71796403686536381     
   3.3446343851762168        3.2467518133223017        1.1988366085217197     
   3.8917572441500634        2.9345399965257553       0.71714235005388349     
 -0.16863454363737329      F

         202   Translation
 -0.38128878181510151       -2.9498273109009290        4.3710366227252564     
  7.35558142247678820E-002  -3.4568205950380353        3.9649292437068406     
 -0.33131323279945513       -2.8985589580597493        4.3417826963746373     
  0.12353136324041426       -3.4055522421968556        3.9356753173562220     
   2.1372846707233126      F

         203   Rotation
   3.0083894144952050       0.38330306197280795       0.14162720524146211     
   3.5883646944365180       0.92322002615436605       0.17272939882908322     
   2.9408705420015884       0.82283011392372807       0.18263107518905167     
   3.6558835669301355       0.48369297420344648       0.13172552888149339     
   0.0000000000000000      T

         204   Translation
  0.75923842608607328       -1.0403641492438149        1.0978856691529024     
  0.42904305612134969      -0.45973580445464890       0.67046229253289413     
  0.79090689951619053      -0.99473979053902017        1.1218466086277787     
  0.46071152955146699      -0.41411144574985415       0.69442323200777056     
  9.41666533675569184E-002 F

         205   Translation
   2.5156278311813614        2.0180530135809440        1.9049908484386151     
   2.3511334295653255        2.5185449957266832        2.4976951319095679     
   2.6138638110142911        2.0830952796970452        1.8978745272638853     
   2.4493694093982552        2.5835872618427844        2.4905788107348381     
   5.8167300938477489      F

         206   Translation
  -2.0138165185702657       -4.0241096586902696       -3.8221826967252412     
  -2.3687654413168686       -3.8790457459384502       -3.1280525047164454     
  -2.1061398049414124       -4.0981078041716552       -3.9216198231317452     
  -2.4610887276880153       -3.9530438914198354       -3.2274896311229493     
   9.3042628120359865      F

         207   Translation
   3.8022492519750122       -2.2468944036118894        3.2882258918342724     
   3.0140839314508954       -2.1603051542795799        3.2761126997209096     
   3.7651682444831231       -2.1753873413260330        3.2726261500097431     
   2.9770029239590063       -2.0887980919937235        3.2605129578963803     
   6.2888045773988637      F

         208   Translation
   2.7073260797058905       -3.5017242248216034       -2.5122906498237696     
   3.4658598990667939       -3.3030385874876256       -2.6306099737017443     
   2.6713502140989664       -3.5525791992496605       -2.5510361921026932     
   3.4298840334598699       -3.3538935619156827       -2.6693555159806679     
   3.1960505079228980      F

         209   Translation
   1.5407204959974217        3.8675573462515169       0.71373069879946915     
   1.7571700483090855        4.0065859074649071      -3.63823929880393096E-002
   1.6231233131551095        3.8768378014540996       0.77554323583307716     
   1.8395728654667733        4.0158663626674898       2.54301440455686756E-002
   7.0104774157898655      F

         210   Translation
   1.4525831284685673        3.9090981976741963        3.1145252028298405     
   1.9472325807467230        3.4357633777158858        2.7143688988985417     
   1.4129907635114720        3.8892252731308692        3.1542471081273340     
   1.9076402157896277        3.4158904531725587        2.7540908041960352     
   1.2750959379700575      F

         211   Rotation
 -0.10535463350520091       -3.0586196936272092        2.4899340045342222     
 -0.44633159384827736       -2.4170349332658452        2.1722034460617174     
 -3.18202288939629652E-002  -3.0322469444046196        2.4358645391876164     
 -0.51986599845951509       -2.4434076824884348        2.2262729114083233     
 -0.72130874590642513      F

         212   Translation
 -0.73697090894275552        1.7866188538396846        1.4433573513427687     
 -0.36936136418181975        2.0479150898537308        2.0956122858933242     
 -0.82939919923189342        1.6896849861854764        1.5367900371298346     
 -0.46178965447095766        1.9509812221995226        2.1890449716803904     
   3.3806839645503861      F

         213   Translation
  -3.4435283259597829       -1.9952481650140717        1.7944884781566395     
  -2.9174689929566893       -2.0165736811729218        1.2014827441869804     
  -3.4284289470393383       -1.9665168863582143        1.7303771651416660     
  -2.9023696140362447       -1.9878424025170647        1.1373714311720069     
   1.7906933584019340      F

         214   Translation
   1.5225456783535554      -0.87484378706403410       -2.1367318748726527     
   1.0445203857583194      -0.33257815150333314       -1.8107122433637668     
   1.4605249163703578      -0.79916093221033768       -2.0950084026090341     
  0.98249962377512179      -0.25689529664963673       -1.7689887711001482     
   3.7854187132742911      F

         215   Translation
 -0.60563936126057061       0.78816613939023605       0.63142006825395725     
  2.95715956610002467E-002  0.34794389651761209       0.80907258607169008     
 -0.68851469152474376       0.80053950797914852       0.69894540890432388     
 -5.33037346031728920E-002  0.36031726510652462       0.87659792672205672     
   4.6204280062756009      F

         216   Rotation
  -2.0675534254976595        4.2562488965137799        3.4941390590430266     
  -1.4306655372548933        3.8245187752865712        3.3022226182808989     
  -2.0430244408139098        4.0067672254344817        3.6621811608579233     
  -1.4551945219386433        4.0740004463658703        3.1341805164660035     
   0.0000000000000000      T

         217   Translation
  -3.5731234322312044       -1.8953494406799234      -0.60694223329762109     
  -3.8996052141522739       -1.3848002222327926      -9.54755759125398146E-002
  -3.5042156287644777       -1.9897115765667195      -0.68549878075165349     
  -3.8306974106855471       -1.4791623581195887      -0.17403212336657220     
   1.2631801787339230      F

         218   Translation
   3.8143252864226422       -3.5387086362065636       -3.5654760177548726     
   4.4802060071668874       -3.8077533950288265       -3.2292219716953907     
   3.8193239205160872       -3.6303000307102327       -3.5497066566229827     
   4.4852046412603324       -3.8993447895324955       -3.2134526105635008     
   2.7354875828733602      F

         219   Rotation
  -3.7969387473689324       -3.9818080377785878       -4.3106518563175795     
  -3.2647920789035361       -3.5743362210273859       -3.8868174053881570     
  -3.9060314438326507       -3.7288370887333193       -4.2172192719746162     
  -3.1556993824398183       -3.8273071700726553       -3.9802499897311199     
   0.0000000000000000      T

         220   Translation
 -0.27466708389103045       -2.9015539196034452        4.3568839541684543     
  0.18017751214883893       -3.4085472037405515        3.9507765751500390     
 -0.33131323279945513       -2.8985589580597493        4.3417826963746373     
  0.12353136324041426       -3.4055522421968556        3.9356753173562220     
   1.2258923879855523      F

         221   Rotation
  -2.4541731663510533      -0.51850189379420397       0.16980102774818451     
  -2.4632393911712609      -0.57014422767319606       0.96106575773369296     
  -2.5737804087407694      -0.41465676827381981       0.20884280507891972     
  -2.3436321487815457      -0.67398935319357967       0.92202398040295797     
   7.4261095824555339      F

         222   Translation
  0.16364844430022377       -1.4475458521285607        1.8439289069461737     
  0.53959955863017484       -1.8834790520562710        2.3893388489483844     
  0.10245846271508408       -1.5198832502463209        1.9458743898260664     
  0.47840957704503517       -1.9558164501740312        2.4912843318282771     
   7.1359822794609000      F

         223   Rotation
  -2.7562639944295020        3.2451113495744370        2.5186376106360804     
  -2.4532824548841616        2.5462786633025138        2.7392822645316564     
  -2.9356833391160757        2.9934578006465147        2.8242883334130604     
  -2.2738631101975875        2.7979322122304362        2.4336315417546768     
   2.6683267380247826      F

         224   Translation
  0.89182008824750580        3.4196922269212062       -1.2712465733343070     
  0.93793114210715922        2.9403313405383922      -0.64121807293274724     
  0.92491629235264183        3.4544960516588388       -1.2281641460641068     
  0.97102734621229525        2.9751351652760247      -0.59813564566254707     
   2.5527602304229848      F

         225   Translation
  -2.6774401124177514       -4.0032537281012432        2.6689843901374006     
  -3.2864248194710974       -4.4031743028632482        2.3558547676850008     
  -2.6969558730575973        4.4271224503751094        2.5807512424279775     
  -3.3059405801109434        4.0272018756131045        2.2676216199755777     
 -0.36393231716075558      F

         226   Rotation
 -0.80655115221585250       -1.9096790324789696        3.0320482467674177     
 -0.67012868216496047       -1.3933082695059804        2.4458749406437876     
 -0.59571365233589979       -1.8490063146345004        3.0517854199635850     
 -0.88096618204491361       -1.4539809873504503        2.4261377674476194     
   24.982162002075381      F

         227   Rotation
  0.50713894024216988        1.1952164761925692       -3.2717404873272855     
 -0.14855779464450616        1.1391893881771304       -3.7142015107716864     
  0.46625565507876465        1.2170201242162086       -3.2239328253079456     
 -0.10767450948110080        1.1173857401534910       -3.7620091727910263     
   1.8129381234006883      F

         228   Rotation
   1.5508532664844303        3.8865431159065928       0.74841880472666467     
   1.9118429121374525        4.0061610482149961       5.25545751519811422E-002
   1.6231233131551095        3.8768378014540996       0.77554323583307716     
   1.8395728654667733        4.0158663626674898       2.54301440455686756E-002
   5.9388727768381973      F

         229   Translation
  0.31461770544202922       -2.7775745298326608       -1.1892005354903015     
  0.23380638371894663       -3.2912270269932691      -0.59046884062019578     
  0.32530203099000576       -2.6959640960918039       -1.2539693960486229     
  0.24449070926692318       -3.2096165932524121      -0.65523770117851710     
 -0.47924994148891464      F

         230   Translation
  -3.0971616587042616       0.36125178225606169       -1.2101199213103611     
  -2.3833353700505304       0.62924783288260633      -0.99222282065178469     
  -3.1643801838087033       0.30385775646141144       -1.1651580305884282     
  -2.4505538951549721       0.57185380708795608      -0.94726092992985178     
   3.5487120113785529      F

         231   Translation
  -1.9110516877245882       -1.6744920331042132        1.5235190932662737     
  -1.6631533776189020      -0.99605174608391933        1.8508021585088312     
  -1.8829240513360859       -1.5891016414839361        1.5501508775601320     
  -1.6350257412303997      -0.91066135446364216        1.8774339428026896     
  -1.0077714555499808      F

         232   Rotation
   3.6382567742304635       -1.9989688174079325       -4.0003095969828983     
   4.2346486741800531       -2.1290469973264070       -3.4941027531101492     
   3.7062508720847060       -2.1787135931755213       -3.4454414273977916     
   4.1666545763258043       -1.9493022215588223       -4.0489709226952577     
   0.0000000000000000      T

         233   Rotation
  -4.0501945823573955      -0.42631826204548551        2.8157488246807088     
  -3.3007232404649187      -0.67902550561097974        2.8730267151048330     
  -3.9391033549980099      -0.52645267085763525        3.1393732106131313     
  -3.4118144678243043      -0.57889109679882977        2.5494023291724091     
   39.336195861109275      F

         234   Translation
  -3.7425100975082652      -0.44493996228443511       -2.7306286832797451     
  -3.4836239890326648       9.80081734131412197E-002  -2.2138750623143189     
  -3.6575834637948388      -0.53463168012278106       -2.6545122565513446     
  -3.3986973553192383       8.31645557479526731E-003  -2.1377586355859184     
   1.1667409796663444      F

         235   Rotation
  -3.4298580088145796       -1.9692131591818807        1.7291883109481239     
  -2.9009405522610034       -1.9851461296933983        1.1385602853655490     
  -3.4284289470393383       -1.9665168863582143        1.7303771651416660     
  -2.9023696140362447       -1.9878424025170647        1.1373714311720069     
 -6.39743589775214616E-002 F

         236   Rotation
  -4.5909873118184406        3.6842300592033137       -1.5973890260462786     
  -3.8218825318059380        3.7988955076927562       -1.4418940991686993     
  -4.5733416704411347        3.6018393510889148       -1.4642425530465846     
  -3.8395281731832434        3.8812862158071550       -1.5750405721683927     
   2.3815612740963799      F

         237   Translation
  0.86226041930831065        3.5247741553261300       -1.3193313589733127     
  0.90837147316796407        3.0454132689433160      -0.68930285857175277     
  0.92491629235264183        3.4544960516588388       -1.2281641460641068     
  0.97102734621229525        2.9751351652760247      -0.59813564566254707     
 -0.61439465079495115      F

         238   Translation
  0.26271304732157325       -2.7543181750727586       -1.2858859250599961     
  0.18190172559849066       -3.2679706722333668      -0.68715423018989052     
  0.31461770544202922       -2.7775745298326608       -1.1892005354903015     
  0.23380638371894663       -3.2912270269932691      -0.59046884062019578     
   2.1657165217209799      F

         239   Rotation
  -2.4741901667377841       -2.2022183840470446       -1.4006040400059250     
  -1.7687668692902374       -2.2634035078278516       -1.0435559311379923     
  -2.4162746057653250       -2.4381261788767672       -1.3898690548512027     
  -1.8266824302626965       -2.0274957129981286       -1.0542909162927145     
   1.8441686543894673      F

         240   Translation
   3.6116485266339597        1.5737512674957297        1.5275404664393546     
   3.7057147303231397       0.79348576625927103        1.4217751748559702     
   3.5711307344678436        1.6290676713593812        1.5275401371500117     
   3.6651969381570235       0.84880217012292258        1.4217748455666273     
  0.50995336688893200      F

         241   Translation
  -2.1731526723057426      -0.11510902490158004        2.8613986826214051     
  -1.6817743707875754      -0.72842109373890218        2.9674395757504479     
  -2.0908999070254906      -7.26367874464817209E-002   2.8493002583982676     
  -1.5995216055073231      -0.68594885628380386        2.9553411515273105     
   1.5482306799651386      F

         242   Translation
  -2.1660097576701687       -4.1082536222805643       -3.8284110592547762     
  -2.5209586804167716       -3.9631897095287445       -3.1342808672459803     
  -2.1061398049414124       -4.0981078041716552       -3.9216198231317452     
  -2.4610887276880153       -3.9530438914198354       -3.2274896311229493     
  -2.2305330787164945      F

         243   Rotation
   2.1077803339394556        3.5693866464026898       -3.2104517187534936     
   2.8296136900496620        3.2493902161565011       -3.2839900804184556     
   2.1438154878248250        3.6341471098950668       -3.2133419733902335     
   2.7935785361642926        3.1846297526641241       -3.2810998257817157     
 -0.84529222306563767      F

         244   Rotation
  0.66151796598783486       -1.6559643922003564       -4.4665077831628626     
  0.37893927216701156       -1.1781072467782279       -3.9002473922051903     
  0.64569891008902980       -1.1440329786992187       -4.4421031275791298     
  0.39475832806581634       -1.6900386602793676       -3.9246520477889222     
   0.0000000000000000      T

         245   Translation
  -2.9029000486270067      -7.08190766699514640E-002  -2.9944743697105252     
  -2.4603136384019133       0.55809323089949769       -2.8009916085359410     
  -2.8508444538753306      -4.03313115436757935E-002  -3.0868428792793838     
  -2.4082580436502372       0.58858099602577341       -2.8933601181047996     
   6.3779220118865823      F

         246   Rotation
   2.6613888556196068        3.6865032733616103       -3.0391596881643386     
   2.2760051683695108        3.1322735891975806       -3.4552821110076106     
   2.1077803339394556        3.5693866464026898       -3.2104517187534936     
   2.8296136900496620        3.2493902161565011       -3.2839900804184556     
   2.0518243756883976      F

         247   Rotation
   3.5294061402225458      -0.28598306881698093       -3.9258161048749094     
   2.8774756487142907      -0.13521174313189308       -4.3513788400773006     
   2.8548751140757322      -0.38485728033908889       -4.0654698926881290     
   3.5520066748611048      -3.63375316097845902E-002  -4.2117250522640823     
   0.0000000000000000      T

         248   Rotation
   2.8742282580877720      -0.98965382485259457      -0.91384075856241642     
   2.5834256397671593       -1.2588211305737846       -1.6007408959249463     
   2.5864189251448280      -0.77705598331798109       -1.1292392176800714     
   2.8712349727101034       -1.4714189721083981       -1.3853424368072913     
   0.0000000000000000      T

         249   Translation
   2.0953733083180333        3.9114667253596229        1.8536715094401441     
   2.6789692879390601        4.4270547283007913        1.7038925262905482     
   2.0124510016464194        3.9607479084546098        1.8914804709494715     
   2.5960469812674463        4.4763359113957781        1.7417014877998755     
   1.8213376796698997      F

         250   Translation
   2.8328493656766773       0.56597001910954980       -2.5801365387907387     
   2.2691347177762231       7.84146006685644548E-002  -2.3092777015870949     
   2.7850460955708991       0.54243592668005169       -2.5110261840660448     
   2.2213314476704449       5.48805082390663723E-002  -2.2401673468624010     
   3.7421151520092764      F

         251   Translation
   3.0451791431780904      -6.76167337565486970E-002  -1.5810424303789001     
   3.2754056662256530      -0.37408754287445944       -2.2752472929692193     
   3.0693667879908801      -1.51269083082316014E-002  -1.6249349298170850     
   3.2995933110384428      -0.32159771742614235       -2.3191397924074044     
   1.7947622852415397      F

         252   Rotation
 -0.20867139615374969        3.3729672544706211      -0.17788732222361214     
 -0.12853343836109193        2.8542860148522076       0.41658444278186513     
  6.66311631068981225E-002   3.1124085922504849      -0.19983152845083885     
 -0.40383599762174005        3.1148446770723441       0.43852864900909128     
   6.7875818374904870      F

         253   Translation
  -3.8816788162997589      -0.45175796518742539       0.21118794852451678     
  -3.6252190983878800      -0.50287842355795764      -0.53745356236339659     
  -3.9661010304551052      -0.40769119416264593       0.25499340820503458     
  -3.7096413125432264      -0.45881165253317818      -0.49364810268287884     
   1.9854920204211881      F

         254   Translation
  -2.8196198935383157       -3.9179023274745823       -1.8856330747095436     
  -2.8698911078352261       -4.4685764406799411       -1.3172319610067180     
  -2.7454706879513289        4.4829429526638078       -1.8239018650163663     
  -2.7957419022482393        3.9322688394584491       -1.2555007513135408     
  2.23434174024044196E-002 F

         255   Translation
   3.3444276702790758      -0.51688050159949694       0.78511517937797681     
   3.9705243056606778      -0.42956497822457457        1.2638927922021304     
   3.3470762144230681      -0.41468381918771646       0.72601311820729031     
   3.9731728498046701      -0.32736829581279414        1.2047907310314439     
   3.6694669073221462      F

         256   Rotation
   3.0609113179347456        3.8127004442313108        3.0451144627859041     
   3.1058960961863380        3.6992411531711462        2.2615633419279391     
   3.0953894555879593        3.9282271329364122        3.0102651512488912     
   3.0714179585331234        3.5837144644660435        2.2964126534649516     
   10.458552926556685      F

         257   Rotation
  -1.1753342974980114      -0.52528581658823692       0.50936826001086888     
 -0.60793821602508047      -0.12437316665228326       0.89170284365521502     
  -1.1773244455592486      -0.31711554770137945       0.97537187376066625     
 -0.60594806796384315      -0.33254343553914062       0.42569922990541781     
   0.0000000000000000      T

