Water      368
    1      1            -3.0000            -6.0000           -12.0000
    1      2            -2.3920            -5.2061           -11.9891
    1      3            -3.5829            -5.9846           -11.1876
    2      1            -9.0000            -6.0000           -12.0000
    2      2            -9.5938            -6.8045           -12.0039
    2      3            -9.5605            -5.1720           -11.9828
    3      1            12.0000            -3.0000            -6.0000
    3      2            11.1928            -3.5890            -6.0395
    3      3            12.0217            -2.4098            -6.8069
    4      1           -12.0000            -9.0000            -6.0000
    4      2           -11.1808            -8.4266            -6.0046
    4      3           -11.9790            -9.6049            -5.2040
    5      1            -6.0000           -12.0000            -3.0000
    5      2            -5.1758           -11.9621            -2.4350
    5      3            -6.0403           -11.1902            -3.5854
    6      1            -6.0000            12.0000            -9.0000
    6      2            -5.9992            11.1956            -8.4059
    6      3            -5.1918            11.9804            -9.5885
    7      1            -3.7908            -3.7908            -3.7908
    7      2            -4.5827            -3.2776            -4.1216
    7      3            -4.1016            -4.5609            -3.2337
    8      1            -8.2092            -8.2092            -3.7908
    8      2            -7.4319            -8.7628            -4.0898
    8      3            -8.8197            -8.7677            -3.2292
    9      1            -8.2092            -3.7908            -8.2092
    9      2            -7.3964            -3.2983            -7.8978
    9      3            -8.7633            -3.1893            -8.7848
   10      1            -3.7908            -8.2092            -8.2092
   10      2            -3.2610            -7.9047            -7.4177
   10      3            -4.5689            -8.7554            -7.8993
   11      1            -9.7908            -9.7908            -2.2092
   11      2            -9.2753           -10.5974            -1.9199
   11      3           -10.0904            -9.2800            -1.4033
   12      1            -2.2092            -2.2092            -2.2092
   12      2            -2.7650            -2.7964            -2.7976
   12      3            -1.9159            -2.7254            -1.4046
   13      1            -9.7908            -2.2092            -9.7908
   13      2           -10.5780            -1.9407            -9.2357
   13      3           -10.0983            -2.7833           -10.5497
   14      1            -2.2092            -9.7908            -9.7908
   14      2            -2.7904            -9.2024            -9.2286
   14      3            -1.9011            -9.2838           -10.5958
   15      1            -8.2092            -8.2092            -8.2092
   15      2            -8.7740            -7.8948            -7.4463
   15      3            -7.8794            -7.4200            -8.7273
   16      1            -3.7908            -3.7908            -8.2092
   16      2            -4.0777            -4.5740            -8.7608
   16      3            -4.5970            -3.2802            -7.9106
   17      1            -3.7908            -8.2092            -3.7908
   17      2            -3.1989            -8.7869            -3.2286
   17      3            -3.2881            -7.9043            -4.5997
   18      1            -8.2092            -3.7908            -3.7908
   18      2            -8.8002            -3.2516            -3.1909
   18      3            -8.7429            -4.1335            -4.5639
   19      1            -2.2092            -2.2092            -9.7908
   19      2            -1.3972            -1.9101            -9.2896
   19      3            -2.7695            -2.7907            -9.2010
   20      1            -9.7908            -9.7908            -9.7908
   20      2            -9.2760           -10.5750           -10.1373
   20      3            -9.1997            -9.2367            -9.2045
   21      1            -2.2092            -9.7908            -2.2092
   21      2            -1.9135            -9.2767            -1.4040
   21      3            -2.7697           -10.5673            -1.9215
   22      1            -9.7908            -2.2092            -2.2092
   22      2           -10.5690            -1.8669            -2.7358
   22      3            -9.2186            -1.4409            -1.9224
   23      1            -6.0000            -2.2800            -4.6152
   23      2            -5.9547            -1.4523            -4.0560
   23      3            -6.7870            -2.8293            -4.3343
   24      1            -6.0000            -9.7200            -4.6152
   24      2            -5.2211            -9.1709            -4.3122
   24      3            -5.9852            -9.7980            -5.6121
   25      1            -6.0000            -2.2800            -7.3848
   25      2            -5.9686            -2.1696            -6.3914
   25      3            -5.9974            -1.3799            -7.8205
   26      1            -6.0000            -9.7200            -7.3848
   26      2            -6.8089            -9.1919            -7.6434
   26      3            -5.9782           -10.5731            -7.9061
   27      1            -4.6152            -6.0000            -2.2800
   27      2            -4.3468            -6.8093            -2.8025
   27      3            -5.6069            -6.0004            -2.1508
   28      1            -4.6152            -6.0000            -9.7200
   28      2            -5.6131            -6.0141            -9.7832
   28      3            -4.3014            -6.8070            -9.2197
   29      1            -7.3848            -6.0000            -2.2800
   29      2            -7.6692            -6.8070            -2.7976
   29      3            -7.6100            -5.1750            -2.7985
   30      1            -7.3848            -6.0000            -9.7200
   30      2            -7.8988            -6.0212           -10.5775
   30      3            -7.6840            -5.2194            -9.1712
   31      1            -2.2800            -4.6152            -6.0000
   31      2            -2.7945            -4.3413            -6.8126
   31      3            -2.7814            -4.3403            -5.1796
   32      1            -9.7200            -4.6152            -6.0000
   32      2           -10.5559            -4.0673            -5.9683
   32      3            -9.1869            -4.3635            -6.8077
   33      1            -2.2800            -7.3848            -6.0000
   33      2            -1.4126            -7.8812            -5.9681
   33      3            -2.1013            -6.4009            -5.9955
   34      1            -9.7200            -7.3848            -6.0000
   34      2            -9.8116            -6.3891            -5.9986
   34      3            -9.1838            -7.6714            -5.2060
   35      1            -8.2800            12.0000            -1.3848
   35      2            -8.1348            11.9608            -0.3961
   35      3            -7.3979            11.9521            -1.8533
   36      1            -3.7200            12.0000            -1.3848
   36      2            -3.8011            12.0052            -0.3881
   36      3            -3.1948            11.1991            -1.6723
   37      1            -8.2800            12.0000           -10.6152
   37      2            -8.8109            11.1950           -10.3501
   37      3            -7.4502            12.0498           -10.0594
   38      1            -3.7200           -12.0000           -10.6152
   38      2            -3.8224           -11.9874           -11.6099
   38      3            -3.1694           -11.2167           -10.3269
   39      1           -12.0000           -10.6152            -3.7200
   39      2           -12.8060           -10.3510            -3.1903
   39      3           -11.1733           -10.3554            -3.2209
   40      1           -12.0000           -10.6152            -8.2800
   40      2           -11.2083           -10.3264            -8.8183
   40      3           -12.0477           -10.0738            -7.4406
   41      1            12.0000            -1.3848            -3.7200
   41      2            11.1949            -1.6408            -3.1850
   41      3            12.0412            -1.9434            -4.5484
   42      1            12.0000            -1.3848            -8.2800
   42      2            11.1811            -1.6334            -8.7973
   42      3            12.0590            -0.3891            -8.2075
   43      1           -10.6152            -8.2800           -12.0000
   43      2           -10.3254            -8.7804           -12.8158
   43      3           -10.3810            -8.8085           -11.1841
   44      1           -10.6152            -3.7200            12.0000
   44      2           -11.6134            -3.7767            12.0186
   44      3           -10.3270            -3.1717            11.2150
   45      1            -1.3848            -8.2800            12.0000
   45      2            -1.8730            -7.4078            11.9700
   45      3            -0.3993            -8.1105            12.0050
   46      1            -1.3848            -3.7200            12.0000
   46      2            -1.6260            -3.2150            11.1713
   46      3            -1.6674            -3.1962            12.8037
   47      1            -3.0000            -6.0000             0.0000
   47      2            -3.5602            -5.9784            -0.8281
   47      3            -3.5942            -6.0111             0.8042
   48      1            -9.0000            -6.0000             0.0000
   48      2            -9.5948            -5.1963            -0.0129
   48      3            -8.4037            -5.9863            -0.8026
   49      1            12.0000            -3.0000             6.0000
   49      2            11.1685            -3.5545             6.0348
   49      3            12.8002            -3.5996             5.9906
   50      1           -12.0000            -9.0000             6.0000
   50      2           -11.1831            -8.4234             5.9857
   50      3           -12.0194            -9.5709             5.1792
   51      1            -6.0000           -12.0000             9.0000
   51      2            -5.9815           -11.1887             8.4158
   51      3            -5.2028           -11.9943             9.6037
   52      1            -6.0000            12.0000             3.0000
   52      2            -5.9844            12.7975             3.6032
   52      3            -6.0278            11.1659             3.5510
   53      1            -3.7908            -3.7908             8.2092
   53      2            -4.1343            -4.5605             8.7473
   53      3            -3.2535            -4.1356             7.4395
   54      1            -8.2092            -8.2092             8.2092
   54      2            -8.7898            -8.7760             8.7937
   54      3            -7.9065            -7.4045             8.7200
   55      1            -8.2092            -3.7908             3.7908
   55      2            -8.7974            -3.2370             3.2014
   55      3            -7.9059            -4.6023             3.2912
   56      1            -3.7908            -8.2092             3.7908
   56      2            -3.2350            -8.8094             3.2156
   56      3            -3.2607            -7.9304             4.5915
   57      1            -9.7908            -9.7908             9.7908
   57      2           -10.5978           -10.0812             9.2764
   57      3            -9.2770           -10.5959            10.0873
   58      1            -2.2092            -2.2092             9.7908
   58      2            -2.7969            -2.7707             9.2083
   58      3            -2.7337            -1.4357            10.1466
   59      1            -9.7908            -2.2092             2.2092
   59      2            -9.2661            -1.4179             1.8953
   59      3           -10.5845            -1.8970             2.7312
   60      1            -2.2092            -9.7908             2.2092
   60      2            -1.4202           -10.0737             2.7547
   60      3            -1.8948            -9.2863             1.4050
   61      1            -8.2092            -8.2092             3.7908
   61      2            -7.9054            -7.3973             3.2924
   61      3            -8.7684            -7.9311             4.5719
   62      1            -3.7908            -3.7908             3.7908
   62      2            -4.5708            -3.2406             4.0890
   62      3            -3.1746            -3.2257             3.2422
   63      1            -3.7908            -8.2092             8.2092
   63      2            -3.2784            -7.9229             7.3996
   63      3            -4.5630            -8.7801             7.9303
   64      1            -8.2092            -3.7908             8.2092
   64      2            -7.9015            -4.5905             8.7247
   64      3            -7.4147            -3.2763             7.8867
   65      1            -2.2092            -2.2092             2.2092
   65      2            -2.7795            -1.4397             1.9217
   65      3            -1.9184            -2.7273             1.4049
   66      1            -9.7908            -9.7908             2.2092
   66      2           -10.0768            -9.2689             1.4055
   66      3            -9.1942            -9.2254             2.7788
   67      1            -2.2092            -9.7908             9.7908
   67      2            -1.9004            -9.2957            10.6029
   67      3            -2.7870            -9.1927             9.2356
   68      1            -9.7908            -2.2092             9.7908
   68      2           -10.6006            -1.9107             9.2857
   68      3            -9.2321            -2.7982             9.2069
   69      1            -6.0000            -2.2800             7.3848
   69      2            -5.1964            -2.8155             7.6444
   69      3            -6.0282            -1.4385             7.9242
   70      1            -6.0000            -9.7200             7.3848
   70      2            -5.9932            -9.8430             6.3924
   70      3            -6.8121            -9.2005             7.6507
   71      1            -6.0000            -2.2800             4.6152
   71      2            -6.7953            -2.8161             4.3321
   71      3            -5.9894            -2.2001             5.6120
   72      1            -6.0000            -9.7200             4.6152
   72      2            -5.1995            -9.1863             4.3424
   72      3            -6.8316            -9.2412             4.3337
   73      1            -4.6152            -6.0000             9.7200
   73      2            -4.3639            -6.8027             9.1792
   73      3            -4.0829            -5.9884            10.5665
   74      1            -4.6152            -6.0000             2.2800
   74      2            -4.3478            -5.2010             2.8187
   74      3            -4.3927            -6.8331             2.7864
   75      1            -7.3848            -6.0000             9.7200
   75      2            -7.8369            -5.9982            10.6120
   75      3            -6.3932            -5.9831             9.8489
   76      1            -7.3848            -6.0000             2.2800
   76      2            -7.8743            -6.0487             1.4094
   76      3            -6.3995            -6.0064             2.1091
   77      1            -2.2800            -4.6152             6.0000
   77      2            -2.8438            -4.3978             5.2032
   77      3            -1.4581            -4.0456             5.9922
   78      1            -9.7200            -4.6152             6.0000
   78      2            -9.1863            -4.3362             5.2016
   78      3            -9.2461            -4.3313             6.8335
   79      1            -2.2800            -7.3848             6.0000
   79      2            -2.1594            -6.3930             6.0411
   79      3            -1.3850            -7.8306             6.0195
   80      1            -9.7200            -7.3848             6.0000
   80      2            -9.8265            -6.3907             6.0183
   80      3            -9.1770            -7.6764             6.7875
   81      1            -8.2800            12.0000            10.6152
   81      2            -7.3942            11.9669            10.1523
   81      3            -8.1382            12.0260            11.6047
   82      1            -3.7200            12.0000            10.6152
   82      2            -3.1981            12.8068            10.3382
   82      3            -3.2227            11.1740            10.3499
   83      1            -8.2800           -12.0000             1.3848
   83      2            -8.8496           -11.2317             1.6771
   83      3            -7.4314           -12.0059             1.9137
   84      1            -3.7200           -12.0000             1.3848
   84      2            -3.2026           -11.1970             1.6806
   84      3            -4.5832           -12.0442             1.8877
   85      1            12.0000           -10.6152             8.2800
   85      2            11.9681           -10.1432             7.3990
   85      3            12.0244           -11.6033             8.1281
   86      1           -12.0000           -10.6152             3.7200
   86      2           -12.0255           -11.6081             3.8361
   86      3           -11.1957           -10.3632             3.1818
   87      1           -12.0000            -1.3848             8.2800
   87      2           -12.0059            -0.3957             8.1332
   87      3           -11.9923            -1.8530             7.3964
   88      1            12.0000            -1.3848             3.7200
   88      2            11.9585            -0.3948             3.8549
   88      3            11.9980            -1.8427             4.6091
   89      1           -10.6152            -8.2800             0.0000
   89      2           -11.6003            -8.1084             0.0098
   89      3           -10.1248            -7.4093             0.0367
   90      1           -10.6152            -3.7200             0.0000
   90      2           -10.3384            -3.2007            -0.8085
   90      3           -10.3336            -3.2288             0.8242
   91      1            -1.3848            -8.2800             0.0000
   91      2            -0.3934            -8.1513             0.0224
   91      3            -1.8371            -7.3882             0.0086
   92      1            -1.3848            -3.7200             0.0000
   92      2            -1.8585            -4.6004             0.0208
   92      3            -0.3966            -3.8728             0.0126
   93      1            -3.0000             6.0000            12.0000
   93      2            -3.5608             5.9649            11.1728
   93      3            -3.5934             6.0111            12.8048
   94      1            -9.0000             6.0000           -12.0000
   94      2            -9.5844             6.8103           -11.9572
   94      3            -8.4167             5.9664           -11.1884
   95      1            12.0000             9.0000            -6.0000
   95      2            11.1787             8.4298            -5.9804
   95      3            12.0009             9.5546            -6.8321
   96      1            12.0000             3.0000            -6.0000
   96      2            12.0253             2.4179            -5.1873
   96      3            11.1925             3.5888            -5.9633
   97      1            -6.0000             0.0000            -3.0000
   97      2            -6.0360             0.8130            -3.5811
   97      3            -6.8082            -0.0252            -2.4116
   98      1            -6.0000             0.0000            -9.0000
   98      2            -5.1699             0.0151            -9.5574
   98      3            -6.8020            -0.0186            -9.5970
   99      1            -3.7908             8.2092            -3.7908
   99      2            -3.2401             7.8906            -4.5623
   99      3            -4.0730             7.4260            -3.2368
  100      1            -8.2092             3.7908            -3.7908
  100      2            -7.4381             3.2228            -4.0787
  100      3            -8.7226             4.0886            -4.5957
  101      1            -8.2092             8.2092            -8.2092
  101      2            -8.7662             8.8115            -8.7811
  101      3            -8.7590             7.8735            -7.4443
  102      1            -3.7908             3.7908            -8.2092
  102      2            -4.5554             3.2411            -7.8728
  102      3            -3.2118             3.2297            -8.8007
  103      1            -9.7908             2.2092            -2.2092
  103      2            -9.2027             2.8084            -2.7524
  103      3           -10.5678             1.9123            -2.7644
  104      1            -2.2092             9.7908            -2.2092
  104      2            -1.4019            10.0754            -2.7262
  104      3            -2.8055             9.2438            -2.7967
  105      1            -9.7908             9.7908            -9.7908
  105      2           -10.5792            10.0735            -9.2446
  105      3           -10.1008             9.2280           -10.5571
  106      1            -2.2092             2.2092            -9.7908
  106      2            -2.7736             1.4384           -10.0863
  106      3            -1.4314             1.8694            -9.2620
  107      1            -8.2092             3.7908            -8.2092
  107      2            -8.7129             4.1042            -7.4042
  107      3            -7.9332             4.5800            -8.7579
  108      1            -3.7908             8.2092            -8.2092
  108      2            -4.5680             8.7596            -7.9043
  108      3            -3.1737             8.7769            -8.7541
  109      1            -3.7908             3.7908            -3.7908
  109      2            -3.2083             3.2074            -3.2247
  109      3            -3.2626             4.1374            -4.5660
  110      1            -8.2092             8.2092            -3.7908
  110      2            -8.7817             8.7665            -3.1894
  110      3            -7.4398             8.7567            -4.1199
  111      1            -2.2092             9.7908            -9.7908
  111      2            -2.7765            10.5612           -10.0818
  111      3            -1.9154             9.2714           -10.5932
  112      1            -9.7908             2.2092            -9.7908
  112      2            -9.1886             2.7533            -9.2065
  112      3           -10.5604             1.8683            -9.2508
  113      1            -2.2092             2.2092            -2.2092
  113      2            -1.8955             2.7400            -1.4219
  113      3            -2.7574             1.4353            -1.8923
  114      1            -9.7908             9.7908            -2.2092
  114      2           -10.6046            10.0754            -2.7160
  114      3            -9.2816            10.5996            -1.9149
  115      1            -6.0000             9.7200            -4.6152
  115      2            -6.0565            10.5572            -4.0713
  115      3            -5.2004             9.1911            -4.3309
  116      1            -6.0000             2.2800            -4.6152
  116      2            -5.9810             2.2135            -5.6128
  116      3            -5.2181             2.8191            -4.3021
  117      1            -6.0000             9.7200            -7.3848
  117      2            -6.7737             9.1624            -7.6854
  117      3            -6.0027             9.7837            -6.3868
  118      1            -6.0000             2.2800            -7.3848
  118      2            -5.9786             1.4116            -7.8803
  118      3            -6.8030             2.8050            -7.6668
  119      1            -4.6152             6.0000            -2.2800
  119      2            -5.6065             6.0226            -2.1498
  119      3            -4.3651             5.1795            -2.7942
  120      1            -4.6152             6.0000            -9.7200
  120      2            -4.3437             6.8135            -9.2056
  120      3            -4.3537             5.1805            -9.2101
  121      1            -7.3848             6.0000            -2.2800
  121      2            -7.6672             5.1640            -2.7506
  121      3            -7.6661             6.7958            -2.8164
  122      1            -7.3848             6.0000            -9.7200
  122      2            -7.6309             6.8085            -9.1854
  122      3            -6.3919             5.9652            -9.8338
  123      1            -2.2800             7.3848            -6.0000
  123      2            -2.1997             6.3892            -5.9509
  123      3            -2.8175             7.6365            -6.8048
  124      1            -9.7200             7.3848            -6.0000
  124      2           -10.5540             7.9359            -5.9726
  124      3            -9.1567             7.5926            -5.2003
  125      1            -2.2800             4.6152            -6.0000
  125      2            -2.8314             4.3761            -6.7992
  125      3            -1.4425             4.0688            -5.9973
  126      1            -9.7200             4.6152            -6.0000
  126      2           -10.5971             4.1360            -6.0299
  126      3            -9.8787             5.6024            -6.0169
  127      1            -8.2800             0.0000            -1.3848
  127      2            -8.8147             0.8092            -1.6283
  127      3            -8.2062            -0.0637            -0.3896
  128      1            -3.7200             0.0000            -1.3848
  128      2            -4.5677            -0.0011            -1.9152
  128      3            -3.1547            -0.7783            -1.6582
  129      1            -8.2800             0.0000           -10.6152
  129      2            -8.8043             0.8160           -10.3715
  129      3            -8.7764            -0.8159           -10.3188
  130      1            -3.7200             0.0000           -10.6152
  130      2            -3.2036            -0.8069           -10.3284
  130      3            -3.8014             0.0068           -11.6118
  131      1            12.0000             1.3848            -3.7200
  131      2            11.1916             1.6567            -3.1980
  131      3            12.0369             0.3874            -3.7819
  132      1            12.0000             1.3848            -8.2800
  132      2            11.1913             1.6685            -8.7953
  132      3            12.0612             1.9176            -7.4360
  133      1           -12.0000            10.6152            -3.7200
  133      2           -11.9595            10.1214            -4.5886
  133      3           -12.0053            11.5996            -3.8961
  134      1            12.0000            10.6152            -8.2800
  134      2            12.0008            11.6122            -8.2023
  134      3            11.1839            10.3202            -8.7772
  135      1           -10.6152             3.7200           -12.0000
  135      2           -10.0696             4.5567           -12.0466
  135      3           -10.3248             3.1762           -11.2127
  136      1           -10.6152             8.2800            12.0000
  136      2           -10.3275             8.7807            11.1836
  136      3           -11.6130             8.2161            12.0175
  137      1            -1.3848             3.7200           -12.0000
  137      2            -1.6497             3.1854           -11.1975
  137      3            -1.9080             4.5720           -12.0205
  138      1            -1.3848             8.2800           -12.0000
  138      2            -0.3963             8.1292           -11.9898
  138      3            -1.8566             7.3983           -11.9927
  139      1            -3.0000             6.0000             0.0000
  139      2            -3.5575             6.0101            -0.8301
  139      3            -3.5968             5.9827             0.8021
  140      1            -9.0000             6.0000             0.0000
  140      2            -8.3955             6.0104            -0.7965
  140      3            -8.4508             5.9635             0.8349
  141      1           -12.0000             9.0000             6.0000
  141      2           -11.2074             8.3905             5.9823
  141      3           -11.9652             9.6150             5.2123
  142      1           -12.0000             3.0000             6.0000
  142      2           -12.0273             2.3823             6.7859
  142      3           -11.1757             3.5642             6.0479
  143      1            -6.0000             0.0000             9.0000
  143      2            -6.8077             0.0314             9.5887
  143      3            -6.0050             0.7884             8.3848
  144      1            -6.0000             0.0000             3.0000
  144      2            -5.9881            -0.8137             3.5811
  144      3            -5.1988            -0.0060             2.4016
  145      1            -3.7908             8.2092             8.2092
  145      2            -4.5670             8.7548             7.8932
  145      3            -3.2599             7.8972             7.4213
  146      1            -8.2092             3.7908             8.2092
  146      2            -8.7437             4.1032             7.4239
  146      3            -8.7780             3.2070             8.7886
  147      1            -8.2092             8.2092             3.7908
  147      2            -8.8225             8.7733             3.2378
  147      3            -7.4316             8.7603             4.0935
  148      1            -3.7908             3.7908             3.7908
  148      2            -4.5867             3.2725             4.1037
  148      3            -3.2728             4.1160             4.5819
  149      1            -9.7908             2.2092             9.7908
  149      2            -9.2366             1.4387            10.1058
  149      3           -10.1304             2.7203            10.5804
  150      1            -2.2092             9.7908             9.7908
  150      2            -2.7904             9.2004             9.2308
  150      3            -1.9048             9.2882            10.5999
  151      1            -9.7908             9.7908             2.2092
  151      2           -10.1276             9.2474             1.4403
  151      3            -9.2491            10.5572             1.8638
  152      1            -2.2092             2.2092             2.2092
  152      2            -2.7942             2.7951             2.7700
  152      3            -1.9114             2.7135             1.3986
  153      1            -8.2092             3.7908             3.7908
  153      2            -7.4102             3.2725             4.0956
  153      3            -7.9116             4.5611             3.2267
  154      1            -3.7908             8.2092             3.7908
  154      2            -3.2919             7.9026             4.6014
  154      3            -3.1978             8.7916             3.2349
  155      1            -3.7908             3.7908             8.2092
  155      2            -4.0957             4.5640             8.7653
  155      3            -3.2393             3.1735             8.7703
  156      1            -8.2092             8.2092             8.2092
  156      2            -7.8655             7.4274             8.7294
  156      3            -8.7931             8.7696             8.7966
  157      1            -2.2092             9.7908             2.2092
  157      2            -2.7494            10.5607             1.8696
  157      3            -1.8715             9.2538             1.4362
  158      1            -9.7908             2.2092             2.2092
  158      2           -10.1249             2.7556             1.4412
  158      3            -9.2356             2.7838             2.8106
  159      1            -2.2092             2.2092             9.7908
  159      2            -1.4379             1.8582             9.2598
  159      3            -1.8662             2.7328            10.5706
  160      1            -9.7908             9.7908             9.7908
  160      2           -10.5659            10.1171             9.2497
  160      3            -9.2541            10.5722            10.1092
  161      1            -6.0000             9.7200             7.3848
  161      2            -6.0049            10.5599             7.9275
  161      3            -6.8005             9.1679             7.6178
  162      1            -6.0000             2.2800             7.3848
  162      2            -6.7991             2.8124             7.6641
  162      3            -5.1673             2.7868             7.6077
  163      1            -6.0000             9.7200             4.6152
  163      2            -5.9896             9.7919             5.6126
  163      3            -5.2245             9.1658             4.3128
  164      1            -6.0000             2.2800             4.6152
  164      2            -6.0284             1.4144             4.1151
  164      3            -6.0138             2.0976             5.5983
  165      1            -4.6152             6.0000             9.7200
  165      2            -4.3115             6.8098             9.2180
  165      3            -5.6124             6.0088             9.7951
  166      1            -4.6152             6.0000             2.2800
  166      2            -4.3236             5.1789             2.7708
  166      3            -4.3629             6.8110             2.8078
  167      1            -7.3848             6.0000             9.7200
  167      2            -7.6150             5.1941             9.1745
  167      3            -7.9251             5.9983            10.5615
  168      1            -7.3848             6.0000             2.2800
  168      2            -7.6644             6.7843             2.8338
  168      3            -6.3899             6.0013             2.1785
  169      1            -2.2800             7.3848             6.0000
  169      2            -1.3958             7.8499             6.0447
  169      3            -2.1354             6.3957             5.9732
  170      1            -9.7200             7.3848             6.0000
  170      2            -9.1921             7.6105             5.1812
  170      3            -9.2066             7.6582             6.8134
  171      1            -2.2800             4.6152             6.0000
  171      2            -2.8496             4.3561             6.7800
  171      3            -1.4472             4.0616             5.9969
  172      1            -9.7200             4.6152             6.0000
  172      2            -9.8231             5.6098             6.0024
  172      3            -9.2092             4.3350             5.1871
  173      1            -8.2800             0.0000            10.6152
  173      2            -8.1516             0.0102            11.6069
  173      3            -8.8037            -0.8113            10.3553
  174      1            -3.7200             0.0000            10.6152
  174      2            -4.5624            -0.0617            10.0799
  174      3            -3.2080             0.8132            10.3385
  175      1            -8.2800             0.0000             1.3848
  175      2            -8.8444             0.7771             1.6634
  175      3            -7.4343            -0.0060             1.9184
  176      1            -3.7200             0.0000             1.3848
  176      2            -3.7916             0.0199             0.3876
  176      3            -3.1738             0.7779             1.6954
  177      1           -12.0000             1.3848             8.2800
  177      2           -11.1691             1.6451             8.7717
  177      3           -12.8015             1.6494             8.8164
  178      1           -12.0000             1.3848             3.7200
  178      2           -12.0270             1.9467             4.5467
  178      3           -11.1882             1.6182             3.1848
  179      1            12.0000            10.6152             8.2800
  179      2            11.2307            10.3526             8.8623
  179      3            11.9995            10.0526             7.4532
  180      1            12.0000            10.6152             3.7200
  180      2            11.1775            10.3222             3.2326
  180      3            12.8104            10.3225             3.2123
  181      1           -10.6152             3.7200             0.0000
  181      2           -10.1082             4.5820            -0.0019
  181      3           -10.3213             3.1588            -0.7737
  182      1           -10.6152             8.2800             0.0000
  182      2           -10.1300             7.4065             0.0399
  182      3           -10.3192             8.7891            -0.8082
  183      1            -1.3848             3.7200             0.0000
  183      2            -1.8260             4.6173             0.0097
  183      3            -0.3922             3.8362             0.0343
  184      1            -1.3848             8.2800             0.0000
  184      2            -1.8977             7.4219             0.0234
  184      3            -1.6861             8.8273            -0.7809
  185      1             9.0000            -6.0000           -12.0000
  185      2             8.4243            -6.0442           -11.1835
  185      3             8.4213            -5.9810           -12.8152
  186      1             3.0000            -6.0000           -12.0000
  186      2             2.4077            -6.8056           -11.9888
  186      3             2.4385            -5.1730           -11.9710
  187      1             0.0000            -3.0000            -6.0000
  187      2             0.8328            -3.5533            -5.9799
  187      3            -0.7992            -3.6009            -6.0126
  188      1             0.0000            -9.0000            -6.0000
  188      2             0.0213            -9.5879            -6.8086
  188      3             0.7979            -8.3972            -6.0050
  189      1             6.0000            12.0000            -3.0000
  189      2             5.9550            11.1856            -3.5785
  189      3             5.1974            12.0305            -2.4043
  190      1             6.0000           -12.0000            -9.0000
  190      2             6.0082           -11.1851            -8.4204
  190      3             6.8230           -12.0133            -9.5679
  191      1             8.2092            -3.7908            -3.7908
  191      2             7.8909            -4.5937            -3.2868
  191      3             7.4215            -3.2709            -4.1213
  192      1             3.7908            -8.2092            -3.7908
  192      2             3.2096            -8.7610            -3.1927
  192      3             4.5563            -8.7642            -4.1163
  193      1             3.7908            -3.7908            -8.2092
  193      2             3.2273            -3.1916            -8.7780
  193      3             4.6043            -3.2944            -7.9061
  194      1             8.2092            -8.2092            -8.2092
  194      2             8.7648            -8.8251            -8.7677
  194      3             7.9196            -7.4279            -8.7621
  195      1             2.2092            -9.7908            -2.2092
  195      2             2.7679           -10.5625            -1.9051
  195      3             1.4293           -10.1307            -2.7348
  196      1             9.7908            -2.2092            -2.2092
  196      2             9.2371            -2.7954            -2.8006
  196      3            10.0855            -2.7283            -1.4069
  197      1             2.2092            -2.2092            -9.7908
  197      2             1.4059            -1.9155            -9.2727
  197      3             1.9202            -2.7844           -10.5561
  198      1             9.7908            -9.7908            -9.7908
  198      2            10.5737           -10.1248            -9.2658
  198      3            10.1164            -9.2782           -10.5853
  199      1             3.7908            -8.2092            -8.2092
  199      2             4.5583            -8.7811            -7.9199
  199      3             4.1332            -7.4392            -8.7477
  200      1             8.2092            -3.7908            -8.2092
  200      2             8.7575            -4.0793            -7.4243
  200      3             7.4089            -3.2842            -7.8886
  201      1             8.2092            -8.2092            -3.7908
  201      2             8.7625            -7.8940            -4.5619
  201      3             7.9064            -7.4217            -3.2540
  202      1             3.7908            -3.7908            -3.7908
  202      2             3.2411            -4.0920            -4.5700
  202      3             3.2249            -3.2409            -3.1765
  203      1             9.7908            -2.2092            -9.7908
  203      2             9.2024            -2.7913            -9.2296
  203      3            10.1501            -2.7399           -10.5584
  204      1             2.2092            -9.7908            -9.7908
  204      2             2.7803            -9.2009            -9.2199
  204      3             1.4187           -10.1016            -9.2629
  205      1             9.7908            -9.7908            -2.2092
  205      2             9.1963            -9.2355            -2.7908
  205      3             9.2747           -10.5691            -1.8516
  206      1             2.2092            -2.2092            -2.2092
  206      2             1.4253            -1.8977            -2.7464
  206      3             2.7399            -1.4183            -1.9045
  207      1             6.0000            -2.2800            -4.6152
  207      2             5.9977            -1.4457            -4.0639
  207      3             5.2235            -2.8537            -4.3548
  208      1             6.0000            -9.7200            -4.6152
  208      2             6.7956            -9.1769            -4.3467
  208      3             5.9845           -10.5707            -4.0898
  209      1             6.0000            -2.2800            -7.3848
  209      2             6.0268            -2.1586            -6.3926
  209      3             6.0056            -1.3848            -7.8304
  210      1             6.0000            -9.7200            -7.3848
  210      2             5.9384            -9.8043            -6.3902
  210      3             6.8118            -9.1876            -7.6246
  211      1             7.3848            -6.0000            -2.2800
  211      2             7.8846            -5.9721            -1.4143
  211      3             6.4018            -6.0195            -2.0970
  212      1             7.3848            -6.0000            -9.7200
  212      2             6.3862            -6.0295            -9.7645
  212      3             7.6720            -5.1875            -9.2127
  213      1             4.6152            -6.0000            -2.2800
  213      2             4.3962            -5.1777            -2.8053
  213      3             4.3471            -6.8100            -2.8017
  214      1             4.6152            -6.0000            -9.7200
  214      2             4.3077            -5.2246            -9.1685
  214      3             4.1142            -6.0130           -10.5854
  215      1             9.7200            -4.6152            -6.0000
  215      2             9.7937            -5.6125            -6.0024
  215      3             9.2301            -4.3191            -5.1801
  216      1             2.2800            -4.6152            -6.0000
  216      2             2.8132            -4.3580            -6.8060
  216      3             2.1639            -5.6082            -5.9802
  217      1             9.7200            -7.3848            -6.0000
  217      2             9.1489            -7.6621            -6.7726
  217      3            10.5612            -7.9255            -5.9962
  218      1             2.2800            -7.3848            -6.0000
  218      2             2.7991            -7.6279            -5.1807
  218      3             2.7850            -7.6752            -6.8129
  219      1             3.7200            12.0000            -1.3848
  219      2             3.7912            11.9979            -0.3873
  219      3             3.2132            11.1917            -1.6844
  220      1             8.2800            12.0000            -1.3848
  220      2             8.8145            11.1900            -1.6262
  220      3             7.4490            12.0287            -1.9403
  221      1             3.7200           -12.0000           -10.6152
  221      2             3.1975           -11.1862           -10.3605
  221      3             4.5518           -12.0486           -10.0623
  222      1             8.2800           -12.0000           -10.6152
  222      2             8.7904           -11.1876           -10.3333
  222      3             8.2168           -12.0244           -11.6129
  223      1             0.0000           -10.6152            -3.7200
  223      2             0.0055           -10.0742            -4.5610
  223      3            -0.7936           -10.3626            -3.1663
  224      1             0.0000           -10.6152            -8.2800
  224      2            -0.8155           -10.3571            -8.7980
  224      3             0.0476           -11.6115            -8.2080
  225      1             0.0000            -1.3848            -3.7200
  225      2            -0.7997            -1.6425            -3.1777
  225      3             0.0067            -1.9069            -4.5729
  226      1             0.0000            -1.3848            -8.2800
  226      2            -0.0287            -0.3930            -8.1556
  226      3             0.0023            -1.8330            -7.3860
  227      1             1.3848            -8.2800            12.0000
  227      2             1.6550            -8.7646            11.1680
  227      3             1.6558            -8.8149            12.8002
  228      1             1.3848            -3.7200            12.0000
  228      2             0.3899            -3.8200            11.9963
  228      3             1.6666            -3.1621            11.2194
  229      1            10.6152            -8.2800           -12.0000
  229      2            10.1372            -7.4017           -11.9979
  229      3            11.6027            -8.1222           -12.0015
  230      1            10.6152            -3.7200            12.0000
  230      2            10.3088            -3.1717            11.2219
  230      3            10.1092            -4.5824            12.0199
  231      1             9.0000            -6.0000             0.0000
  231      2             8.4083            -6.0073             0.8061
  231      3             9.5916            -6.8061             0.0135
  232      1             3.0000            -6.0000             0.0000
  232      2             3.5876            -5.9722            -0.8086
  232      3             2.3860            -5.2107            -0.0068
  233      1             0.0000            -3.0000             6.0000
  233      2             0.0294            -2.4185             6.8131
  233      3             0.7839            -3.6209             6.0058
  234      1             0.0000            -9.0000             6.0000
  234      2            -0.0424            -9.5797             5.1863
  234      3             0.0244            -9.5748             6.8179
  235      1             6.0000            12.0000             9.0000
  235      2             5.1929            12.0277             9.5897
  235      3             5.9603            11.1873             8.4186
  236      1             6.0000           -12.0000             3.0000
  236      2             6.0397           -11.1928             3.5890
  236      3             6.8126           -12.0281             2.4179
  237      1             8.2092            -3.7908             8.2092
  237      2             8.7653            -4.1105             7.4421
  237      3             7.9366            -4.5715             8.7715
  238      1             3.7908            -8.2092             8.2092
  238      2             3.2753            -7.9197             7.4027
  238      3             3.2012            -8.7572             8.8026
  239      1             3.7908            -3.7908             3.7908
  239      2             4.0982            -4.6006             3.2909
  239      3             3.2012            -3.2389             3.2010
  240      1             8.2092            -8.2092             3.7908
  240      2             7.4419            -8.7689             4.1038
  240      3             8.7301            -7.8860             4.5808
  241      1             2.2092            -9.7908             9.7908
  241      2             2.7565           -10.5772            10.0774
  241      3             1.4325           -10.1062             9.2455
  242      1             9.7908            -2.2092             9.7908
  242      2            10.5989            -1.9264             9.2741
  242      3             9.1915            -2.7515             9.2019
  243      1             2.2092            -2.2092             2.2092
  243      2             2.7456            -1.4334             1.8770
  243      3             1.4409            -1.8741             2.7546
  244      1             9.7908            -9.7908             2.2092
  244      2             9.1991            -9.1965             2.7540
  244      3            10.5627           -10.0950             2.7675
  245      1             3.7908            -8.2092             3.7908
  245      2             3.2781            -7.9285             4.6022
  245      3             4.0953            -7.3979             3.2916
  246      1             8.2092            -3.7908             3.7908
  246      2             7.4252            -3.2572             4.1080
  246      3             8.7853            -3.2208             3.2050
  247      1             8.2092            -8.2092             8.2092
  247      2             8.7763            -8.7851             8.7982
  247      3             7.4367            -8.7430             7.8651
  248      1             3.7908            -3.7908             8.2092
  248      2             4.5641            -3.2552             7.8698
  248      3             4.1302            -4.5594             8.7514
  249      1             9.7908            -2.2092             2.2092
  249      2            10.5990            -1.9304             2.7278
  249      3            10.0747            -2.7299             1.4040
  250      1             2.2092            -9.7908             2.2092
  250      2             2.8022            -9.2281             2.7852
  250      3             1.8696            -9.2428             1.4447
  251      1             9.7908            -9.7908             9.7908
  251      2            10.5973           -10.0896             9.2806
  251      3            10.0790            -9.2794            10.6003
  252      1             2.2092            -2.2092             9.7908
  252      2             2.7885            -2.8007             9.2299
  252      3             1.4255            -1.9015             9.2512
  253      1             6.0000            -2.2800             7.3848
  253      2             6.7984            -2.8190             7.6530
  253      3             5.9740            -1.4347             7.9184
  254      1             6.0000            -9.7200             7.3848
  254      2             5.2221            -9.1714             7.6913
  254      3             6.0476           -10.5611             7.9235
  255      1             6.0000            -2.2800             4.6152
  255      2             5.2008            -2.8105             4.3326
  255      3             6.0128            -2.2020             5.6121
  256      1             6.0000            -9.7200             4.6152
  256      2             6.0157            -9.7876             5.6128
  256      3             5.1759            -9.2323             4.3271
  257      1             7.3848            -6.0000             9.7200
  257      2             7.6635            -6.7986             9.1864
  257      3             6.3870            -5.9717             9.7813
  258      1             7.3848            -6.0000             2.2800
  258      2             7.6507            -5.2007             2.8190
  258      3             7.6422            -6.8330             2.7698
  259      1             4.6152            -6.0000             9.7200
  259      2             4.3575            -6.8099             9.1930
  259      3             4.1107            -5.9897            10.5834
  260      1             4.6152            -6.0000             2.2800
  260      2             5.6001            -6.0095             2.1071
  260      3             4.1237            -6.0448             1.4102
  261      1             9.7200            -4.6152             6.0000
  261      2             9.8135            -5.6108             6.0073
  261      3             9.1899            -4.3360             5.1993
  262      1             2.2800            -4.6152             6.0000
  262      2             2.7655            -4.3545             6.8345
  262      3             2.8177            -4.3420             5.2023
  263      1             9.7200            -7.3848             6.0000
  263      2             9.1793            -7.6171             6.8085
  263      3            10.5651            -7.9194             5.9993
  264      1             2.2800            -7.3848             6.0000
  264      2             1.4015            -7.8624             6.0014
  264      3             2.1225            -6.3973             6.0087
  265      1             3.7200            12.0000            10.6152
  265      2             3.8090            12.0206            11.6110
  265      3             3.1961            11.1926            10.3440
  266      1             8.2800           -12.0000            10.6152
  266      2             8.8179           -11.2044            10.3364
  266      3             7.4283           -12.0266            10.0918
  267      1             3.7200           -12.0000             1.3848
  267      2             3.1568           -11.2279             1.6793
  267      3             4.5532           -12.0344             1.9367
  268      1             8.2800           -12.0000             1.3848
  268      2             8.1931           -12.0007             0.3886
  268      3             8.8201           -11.2089             1.6717
  269      1             0.0000           -10.6152             8.2800
  269      2            -0.8079           -10.3548             8.8086
  269      3             0.0418           -11.6115             8.2042
  270      1             0.0000           -10.6152             3.7200
  270      2            -0.0287           -11.6080             3.8359
  270      3             0.8196           -10.3632             3.2054
  271      1             0.0000            -1.3848             8.2800
  271      2            -0.7800            -1.6917             8.8253
  271      3            -0.0094            -0.3868             8.2169
  272      1             0.0000            -1.3848             3.7200
  272      2             0.0268            -1.9083             4.5716
  272      3            -0.7979            -1.6609             3.1840
  273      1             1.3848            -8.2800             0.0000
  273      2             1.6578            -8.8148            -0.7997
  273      3             1.9441            -7.4529             0.0546
  274      1             1.3848            -3.7200             0.0000
  274      2             1.6667            -3.2013            -0.8071
  274      3             1.6602            -3.2276             0.8256
  275      1            10.6152            -8.2800             0.0000
  275      2            10.3558            -8.8247             0.7975
  275      3            10.4027            -8.7884            -0.8345
  276      1            10.6152            -3.7200             0.0000
  276      2            10.1213            -4.5892            -0.0226
  276      3            11.5997            -3.8960             0.0033
  277      1             9.0000             6.0000           -12.0000
  277      2             8.3839             5.9977           -11.2124
  277      3             9.5885             5.1923           -11.9652
  278      1             3.0000             6.0000            12.0000
  278      2             3.5736             6.0168            11.1811
  278      3             2.4004             6.8003            12.0035
  279      1             0.0000             9.0000            -6.0000
  279      2            -0.8342             8.4501            -5.9580
  279      3             0.7976             8.3970            -5.9891
  280      1             0.0000             3.0000            -6.0000
  280      2             0.0311             2.4169            -5.1882
  280      3             0.8110             3.5847            -6.0217
  281      1             6.0000             0.0000            -3.0000
  281      2             5.9986             0.8053            -3.5929
  281      3             6.8171             0.0118            -2.4236
  282      1             6.0000             0.0000            -9.0000
  282      2             6.8328             0.0121            -9.5535
  282      3             5.2007            -0.0122            -9.6008
  283      1             8.2092             8.2092            -3.7908
  283      2             7.8843             7.4268            -3.2595
  283      3             8.7698             7.8850            -4.5528
  284      1             3.7908             3.7908            -3.7908
  284      2             3.2139             3.2023            -3.2243
  284      3             4.1125             4.5657            -3.2467
  285      1             3.7908             8.2092            -8.2092
  285      2             4.0984             7.3997            -8.7093
  285      3             3.2063             8.7645            -8.8009
  286      1             8.2092             3.7908            -8.2092
  286      2             8.8118             3.2068            -8.7530
  286      3             7.4355             3.2524            -7.8755
  287      1             2.2092             2.2092            -2.2092
  287      2             2.7227             1.4068            -1.9050
  287      3             1.4331             1.9162            -2.7677
  288      1             9.7908             9.7908            -2.2092
  288      2            10.5927            10.0794            -2.7324
  288      3             9.1961             9.2350            -2.7901
  289      1             2.2092             9.7908            -9.7908
  289      2             1.4383            10.1281            -9.2505
  289      3             2.7462            10.5654           -10.1250
  290      1             9.7908             2.2092            -9.7908
  290      2            10.0760             2.7534           -10.5798
  290      3             9.2398             1.4348           -10.1016
  291      1             3.7908             3.7908            -8.2092
  291      2             3.2222             4.0651            -7.4337
  291      3             4.0951             4.6049            -8.7040
  292      1             8.2092             8.2092            -8.2092
  292      2             8.8101             8.7885            -8.7599
  292      3             7.4378             8.7511            -7.8756
  293      1             8.2092             3.7908            -3.7908
  293      2             8.8279             3.2296            -3.2409
  293      3             7.4246             3.2403            -4.0762
  294      1             3.7908             8.2092            -3.7908
  294      2             3.2131             8.7771            -3.2045
  294      3             4.5758             8.7439            -4.1037
  295      1             9.7908             9.7908            -9.7908
  295      2            10.1131             9.2614           -10.5755
  295      3             9.2236            10.5496           -10.1109
  296      1             2.2092             2.2092            -9.7908
  296      2             2.8112             2.7709            -9.2231
  296      3             1.9194             2.7347           -10.5907
  297      1             9.7908             2.2092            -2.2092
  297      2            10.0784             2.7562            -1.4230
  297      3             9.2367             1.4387            -1.8944
  298      1             2.2092             9.7908            -2.2092
  298      2             1.3998            10.0808            -2.7199
  298      3             1.9287             9.2282            -1.4315
  299      1             6.0000             9.7200            -4.6152
  299      2             6.8081             9.2195            -4.3048
  299      3             6.0107             9.7844            -5.6131
  300      1             6.0000             2.2800            -4.6152
  300      2             6.0498             2.2180            -5.6121
  300      3             5.1886             2.8029            -4.3539
  301      1             6.0000             9.7200            -7.3848
  301      2             5.2010             9.1633            -7.6121
  301      3             5.9850            10.5611            -7.9254
  302      1             6.0000             2.2800            -7.3848
  302      2             6.0233             1.4129            -7.8824
  302      3             5.1966             2.8046            -7.6667
  303      1             7.3848             6.0000            -2.2800
  303      2             7.8864             6.0192            -1.4151
  303      3             7.6743             5.2067            -2.8157
  304      1             7.3848             6.0000            -9.7200
  304      2             7.6451             6.8156            -9.2031
  304      3             7.6420             5.1826            -9.2046
  305      1             4.6152             6.0000            -2.2800
  305      2             4.3134             6.7742            -2.8364
  305      3             5.6130             6.0061            -2.2136
  306      1             4.6152             6.0000            -9.7200
  306      2             4.1228             5.9499           -10.5889
  306      3             5.6000             5.9924            -9.8941
  307      1             9.7200             7.3848            -6.0000
  307      2             9.8530             6.3939            -5.9773
  307      3             9.1721             7.6294            -6.8000
  308      1             2.2800             7.3848            -6.0000
  308      2             2.7851             7.6238            -5.1707
  308      3             2.8023             7.6723            -6.8028
  309      1             9.7200             4.6152            -6.0000
  309      2             9.1896             4.3718            -5.1880
  309      3             9.2049             4.3686            -6.8209
  310      1             2.2800             4.6152            -6.0000
  310      2             2.1689             5.6089            -5.9933
  310      3             2.8314             4.3361            -5.2137
  311      1             3.7200             0.0000            -1.3848
  311      2             3.8641            -0.0390            -0.3960
  311      3             4.6034            -0.0357            -1.8520
  312      1             8.2800             0.0000            -1.3848
  312      2             8.1734            -0.0124            -0.3906
  312      3             8.8281            -0.7859            -1.6711
  313      1             3.7200             0.0000           -10.6152
  313      2             3.2473            -0.8339           -10.3302
  313      3             3.1895             0.7981           -10.3295
  314      1             8.2800             0.0000           -10.6152
  314      2             8.2162             0.0179           -11.6130
  314      3             8.8207            -0.7913           -10.3299
  315      1             0.0000             1.3848            -3.7200
  315      2             0.0275             0.3867            -3.7741
  315      3            -0.8144             1.6689            -3.2139
  316      1             0.0000             1.3848            -8.2800
  316      2            -0.0336             1.9469            -7.4537
  316      3             0.8106             1.6253            -8.8140
  317      1             0.0000            10.6152            -3.7200
  317      2             0.0100            10.1730            -4.6168
  317      3             0.0286            11.6079            -3.8374
  318      1             0.0000            10.6152            -8.2800
  318      2             0.0368            10.1035            -7.4216
  318      3            -0.8004            10.3271            -8.8058
  319      1             1.3848             3.7200           -12.0000
  319      2             1.8495             4.6049           -11.9672
  319      3             0.3953             3.8635           -12.0161
  320      1             1.3848             8.2800           -12.0000
  320      2             1.6533             8.7572           -11.1633
  320      3             1.6538             8.8239           -12.7948
  321      1            10.6152             3.7200            12.0000
  321      2            10.3458             3.1941            11.1932
  321      3            11.6112             3.8060            12.0246
  322      1            10.6152             8.2800            12.0000
  322      2            10.0833             7.4333            12.0118
  322      3            10.3774             8.8118            11.1871
  323      1             9.0000             6.0000             0.0000
  323      2             9.5793             6.8144             0.0355
  323      3             9.5753             5.1824            -0.0218
  324      1             3.0000             6.0000             0.0000
  324      2             2.4153             6.8109            -0.0185
  324      3             3.5637             5.9765            -0.8257
  325      1             0.0000             9.0000             6.0000
  325      2             0.0188             9.6142             5.2110
  325      3             0.7995             8.4000             5.9744
  326      1             0.0000             3.0000             6.0000
  326      2             0.0369             2.4120             5.1920
  326      3             0.8175             3.5750             6.0314
  327      1             6.0000             0.0000             9.0000
  327      2             6.0259             0.8127             8.4179
  327      3             5.1875             0.0326             9.5821
  328      1             6.0000             0.0000             3.0000
  328      2             6.0312            -0.8068             3.5900
  328      3             6.7889            -0.0058             2.3855
  329      1             8.2092             8.2092             8.2092
  329      2             7.8637             7.4447             8.7534
  329      3             8.7509             7.8571             7.4459
  330      1             3.7908             3.7908             8.2092
  330      2             3.2323             3.2015             8.7930
  330      3             3.2442             4.1056             7.4332
  331      1             3.7908             8.2092             3.7908
  331      2             4.0969             7.4021             3.2859
  331      3             4.5863             8.7157             4.1236
  332      1             8.2092             3.7908             3.7908
  332      2             7.4303             3.2469             4.1029
  332      3             8.7354             4.1037             4.5815
  333      1             2.2092             2.2092             9.7908
  333      2             1.9103             2.7186            10.5978
  333      3             2.7596             1.4248            10.0768
  334      1             9.7908             9.7908             9.7908
  334      2             9.2663            10.5670            10.1406
  334      3             9.2054             9.2295             9.2058
  335      1             2.2092             9.7908             2.2092
  335      2             2.7627             9.2108             2.8069
  335      3             2.7638            10.5546             1.8792
  336      1             9.7908             2.2092             2.2092
  336      2            10.5564             1.8713             2.7567
  336      3             9.2120             2.7982             2.7732
  337      1             3.7908             3.7908             3.7908
  337      2             4.0798             4.5934             3.2691
  337      3             3.2411             3.1936             3.2065
  338      1             8.2092             8.2092             3.7908
  338      2             7.8828             7.4349             3.2488
  338      3             8.8173             8.7739             3.2329
  339      1             8.2092             3.7908             8.2092
  339      2             8.7256             4.0771             7.4021
  339      3             7.4388             3.2193             7.9266
  340      1             3.7908             8.2092             8.2092
  340      2             4.0943             7.4385             8.7694
  340      3             4.5831             8.7542             7.9350
  341      1             9.7908             9.7908             2.2092
  341      2            10.0672             9.2445             1.4186
  341      3             9.2258            10.5572             1.9036
  342      1             2.2092             2.2092             2.2092
  342      2             1.4457             1.9114             2.7823
  342      3             1.8585             2.7306             1.4313
  343      1             9.7908             2.2092             9.7908
  343      2             9.2494             1.4386            10.1272
  343      3             9.2111             2.8075             9.2378
  344      1             2.2092             9.7908             9.7908
  344      2             2.7620             9.1967             9.2064
  344      3             1.4265            10.1342             9.2717
  345      1             6.0000             9.7200             7.3848
  345      2             5.9645             9.7789             6.3872
  345      3             6.8256             9.2276             7.6604
  346      1             6.0000             2.2800             7.3848
  346      2             6.0196             2.2123             6.3873
  346      3             5.2132             2.8294             7.6662
  347      1             6.0000             9.7200             4.6152
  347      2             6.8182             9.2012             4.3673
  347      3             5.9555            10.5547             4.0662
  348      1             6.0000             2.2800             4.6152
  348      2             5.1968             2.8267             4.3787
  348      3             5.9981             1.4357             4.0793
  349      1             7.3848             6.0000             9.7200
  349      2             7.6666             5.1912             9.2038
  349      3             7.9195             6.0605            10.5629
  350      1             7.3848             6.0000             2.2800
  350      2             7.6508             5.2020             2.8208
  350      3             7.8987             6.0077             1.4222
  351      1             4.6152             6.0000             9.7200
  351      2             5.6116             6.0350             9.7973
  351      3             4.3493             5.1857             9.2039
  352      1             4.6152             6.0000             2.2800
  352      2             4.1479             5.9759             1.3962
  352      3             5.6044             6.0162             2.1337
  353      1             9.7200             7.3848             6.0000
  353      2            10.5429             7.9518             6.0379
  353      3             9.1565             7.6666             5.2234
  354      1             2.2800             7.3848             6.0000
  354      2             2.7746             7.6652             6.8227
  354      3             2.7880             7.6772             5.1898
  355      1             9.7200             4.6152             6.0000
  355      2            10.6029             4.1460             5.9829
  355      3             9.8684             5.6033             6.0400
  356      1             2.2800             4.6152             6.0000
  356      2             2.1780             5.6099             6.0008
  356      3             2.8379             4.3380             5.2177
  357      1             3.7200             0.0000            10.6152
  357      2             3.1942            -0.8108            10.3581
  357      3             3.8433             0.0165            11.6074
  358      1             8.2800             0.0000            10.6152
  358      2             8.8378            -0.7968            10.3828
  358      3             7.4321            -0.0207            10.0854
  359      1             3.7200             0.0000             1.3848
  359      2             4.5552            -0.0248             1.9342
  359      3             3.1803             0.8039             1.6348
  360      1             8.2800             0.0000             1.3848
  360      2             8.8013             0.8179             1.6286
  360      3             8.7778            -0.8140             1.6840
  361      1             0.0000             1.3848             8.2800
  361      2            -0.0593             1.9200             7.4374
  361      3             0.8088             1.6654             8.7969
  362      1             0.0000             1.3848             3.7200
  362      2            -0.8174             1.6384             3.2028
  362      3             0.0460             0.3893             3.8035
  363      1             0.0000            10.6152             8.2800
  363      2            -0.7986            10.3811             8.8344
  363      3            -0.0068            10.0729             7.4399
  364      1             0.0000            10.6152             3.7200
  364      2            -0.8397            10.3307             3.2574
  364      3             0.7914            10.3347             3.1767
  365      1             1.3848             3.7200             0.0000
  365      2             1.9430             4.5473             0.0634
  365      3             1.6597             3.1932            -0.8043
  366      1             1.3848             8.2800             0.0000
  366      2             1.6731             8.7976             0.8056
  366      3             0.3881             8.1993            -0.0052
  367      1            10.6152             3.7200             0.0000
  367      2            11.6133             3.7807             0.0058
  367      3            10.3096             3.1784             0.7831
  368      1            10.6152             8.2800             0.0000
  368      2            11.6132             8.2258             0.0331
  368      3            10.3369             8.8221            -0.7930
 
