HS      108
    1      1            -2.6973            -3.0059            -2.5019
    2      1            -1.9197            -2.1116            -2.5072
    3      1            -2.6853            -2.1760            -1.6676
    4      1            -1.9078            -2.9852            -1.7759
    5      1            -1.1066            -3.0022            -2.5336
    6      1            -0.3425            -2.2099            -2.5163
    7      1            -1.1098            -2.2316            -1.7469
    8      1            -0.3097            -2.9623            -1.7470
    9      1             0.4549            -2.9704            -2.5161
   10      1             1.2321            -2.1484            -2.5261
   11      1             0.4293            -2.1667            -1.7578
   12      1             1.2382            -2.9785            -1.7255
   13      1            -2.6719            -1.3937            -2.5529
   14      1            -1.8961            -0.5911            -2.5695
   15      1            -2.6449            -0.6315            -1.7332
   16      1            -1.9327            -1.3614            -1.6957
   17      1            -1.1025            -1.4077            -2.4939
   18      1            -0.3414            -0.6403            -2.5447
   19      1            -1.1412            -0.6305            -1.7352
   20      1            -0.3403            -1.4361            -1.7199
   21      1             0.4189            -1.3856            -2.5206
   22      1             1.2327            -0.6217            -2.4773
   23      1             0.4534            -0.6202            -1.7978
   24      1             1.2343            -1.4539            -1.7208
   25      1            -2.6689             0.2242            -2.5201
   26      1            -1.9021             0.8986            -2.5086
   27      1            -2.6491             0.9281            -1.7423
   28      1            -1.9397             0.1748            -1.7890
   29      1            -1.0635             0.1529            -2.5562
   30      1            -0.3061             0.9611            -2.5350
   31      1            -1.0820             0.9325            -1.7478
   32      1            -0.3302             0.1677            -1.7384
   33      1             0.4835             0.1313            -2.5504
   34      1             1.2254             0.9319            -2.5127
   35      1             0.4491             0.9565            -1.7431
   36      1             1.2699             0.1256            -1.7675
   37      1            -2.6926            -2.9819            -0.9009
   38      1            -1.8790            -2.1779            -0.9646
   39      1            -2.6866            -2.1383            -0.1756
   40      1            -1.9310            -2.9633            -0.1618
   41      1            -1.1406            -2.9688            -0.9441
   42      1            -0.4017            -2.1795            -0.9303
   43      1            -1.1268            -2.1543            -0.1622
   44      1            -0.3414            -2.9868            -0.1546
   45      1             0.4308            -2.9744            -0.9683
   46      1             1.1774            -2.1701            -0.9451
   47      1             0.4194            -2.2197            -0.1785
   48      1             1.2802            -2.9684            -0.1618
   49      1            -2.6878            -1.4166            -0.9824
   50      1            -1.9044            -0.6272            -1.0040
   51      1            -2.6743            -0.5604            -0.1973
   52      1            -1.8861            -1.3821            -0.1819
   53      1            -1.1583            -1.3615            -0.9767
   54      1            -0.3395            -0.6505            -0.9402
   55      1            -1.0835            -0.6245            -0.1924
   56      1            -0.3216            -1.4311            -0.1868
   57      1             0.4275            -1.4410            -0.9253
   58      1             1.2313            -0.6338            -0.9580
   59      1             0.4482            -0.6443            -0.1736
   60      1             1.1900            -1.4401            -0.1437
   61      1            -2.6466             0.1506            -0.9918
   62      1            -1.9257             0.9412            -0.9782
   63      1            -2.6808             0.9635            -0.1956
   64      1            -1.9450             0.2014            -0.1684
   65      1            -1.0873             0.1778            -0.9877
   66      1            -0.3396             0.9273            -0.9844
   67      1            -1.1053             0.9651            -0.1806
   68      1            -0.3357             0.1815            -0.1773
   69      1             0.4383             0.1615            -0.9679
   70      1             1.2853             0.9598            -0.9310
   71      1             0.4029             0.9360            -0.2038
   72      1             1.2236             0.0939            -0.1724
   73      1            -2.6961            -2.9602             0.6453
   74      1            -1.9363            -2.2082             0.5713
   75      1            -2.6583            -2.1704             1.4130
   76      1            -1.9311            -2.9784             1.3695
   77      1            -1.1168            -2.9504             0.6125
   78      1            -0.3686            -2.1996             0.6339
   79      1            -1.0915            -2.2297             1.3474
   80      1            -0.3453            -2.9329             1.3394
   81      1             0.4207            -2.9646             0.6241
   82      1             1.2334            -2.2332             0.6524
   83      1             0.5119            -2.1768             1.3649
   84      1             1.2034            -2.9687             1.3955
   85      1            -2.6534            -1.4776             0.6349
   86      1            -1.8838            -0.5764             0.5795
   87      1            -2.7228            -0.5863             1.4166
   88      1            -1.9100            -1.4014             1.3640
   89      1            -1.0492            -1.3160             0.5613
   90      1            -0.3299            -0.6185             0.6055
   91      1            -1.1378            -0.6264             1.4346
   92      1            -0.3350            -1.4107             1.4170
   93      1             0.4698            -1.3848             0.6148
   94      1             1.2440            -0.6746             0.6049
   95      1             0.4086            -0.5878             1.3911
   96      1             1.2661            -1.4068             1.3831
   97      1            -2.6733             0.1798             0.5669
   98      1            -1.9151             0.8785             0.6447
   99      1            -2.6910             0.9260             1.3965
  100      1            -1.9641             0.1427             1.3619
  101      1            -1.0980             0.2339             0.5790
  102      1            -0.3354             0.9149             0.6328
  103      1            -1.1432             0.9303             1.3422
  104      1            -0.3446             0.1805             1.4108
  105      1             0.4547             0.1948             0.5320
  106      1             1.1855             0.9214             0.6068
  107      1             0.4705             0.9430             1.3535
  108      1             1.2409             0.1713             1.3906
 
