n-Pentane      120
    1      1            -9.4691             2.6750             3.1203
    1      2            -8.6716             2.5516             4.4319
    1      3            -8.7747             3.8508             5.2523
    1      4            -8.0220             3.7738             6.5936
    1      5            -8.1877             5.0314             7.4669
    2      1           -10.9502             7.8130             6.0618
    2      2           -12.0660             6.7560             6.1587
    2      3           -12.5309             6.1445             4.8240
    2      4           -13.7294             5.1856             4.9497
    2      5           -14.2542             4.6034             3.6241
    3      1             2.5548           -12.2749           -13.5593
    3      2             1.5593           -11.1071           -13.4298
    3      3             1.4991           -10.4735           -12.0274
    3      4             0.4039            -9.3966           -11.9170
    3      5             0.6877            -8.3919           -10.7849
    4      1             4.0681            -1.3871            -6.6990
    4      2             3.3188            -0.2913            -7.4797
    4      3             3.5508             1.1814            -7.0938
    4      4             2.3494             2.1183            -7.3187
    4      5             1.1057             1.5911            -6.5792
    5      1             8.1912            -4.4406            13.3740
    5      2             9.3717            -4.5263            14.3592
    5      3            10.5983            -5.3931            14.0187
    5      4            10.3401            -6.9074            14.1268
    5      5             9.8826            -7.2563            15.5552
    6      1            -9.8113            11.2527           -16.3115
    6      2           -10.4996            11.6999           -15.0085
    6      3            -9.8568            11.1941           -13.7037
    6      4           -10.4971            11.7703           -12.4271
    6      5           -10.0291            13.2079           -12.1341
    7      1            -6.9016            -6.6720            -1.8463
    7      2            -5.5964            -5.8577            -1.7759
    7      3            -4.8504            -5.8338            -3.1230
    7      4            -3.4380            -5.2245            -3.0488
    7      5            -2.9434            -4.9234            -4.4758
    8      1             6.3283            14.8614           -10.2847
    8      2             5.0568            14.9926            -9.4258
    8      3             3.8307            15.2517           -10.3209
    8      4             3.4466            14.0509           -11.2053
    8      5             2.3282            14.3253           -12.2278
    9      1           -14.7069           -11.0355           -12.9949
    9      2           -13.7583           -12.0640           -12.3516
    9      3           -13.8076           -13.4617           -12.9964
    9      4           -15.1520           -13.9457           -13.5708
    9      5           -14.9187           -15.1217           -14.5373
   10      1            15.5493            -9.6814            11.4005
   10      2            15.2570           -10.4329            12.7125
   10      3            14.4113            -9.6629            13.7438
   10      4            12.9019            -9.7463            13.4499
   10      5            11.9931           -10.2876            14.5691
   11      1            -9.1773           -12.5714             9.7482
   11      2            -8.0092           -13.2975             9.0554
   11      3            -8.5217           -14.0558             7.8170
   11      4            -9.1601           -15.4357             8.0622
   11      5           -10.2377           -15.7328             7.0029
   12      1            -1.9830            -9.3023            -3.2515
   12      2            -3.4059            -9.7149            -3.6718
   12      3            -3.3296            -9.9984            -5.1836
   12      4            -3.1519            -8.6987            -5.9904
   12      5            -2.9664            -9.0454            -7.4793
   13      1             8.8504            -8.0554             0.4890
   13      2             9.0619            -6.6409             1.0601
   13      3             9.8973            -6.5107             2.3472
   13      4             9.2259            -7.1449             3.5795
   13      5             9.7922            -6.6833             4.9352
   14      1            -0.1568            11.9345             9.6816
   14      2            -0.7460            13.2224             9.0769
   14      3             0.3188            13.9314             8.2193
   14      4            -0.2364            15.0773             7.3531
   14      5             0.6034            15.7131             6.2297
   15      1             5.6341             2.2528             6.5276
   15      2             5.4006             3.7046             6.9853
   15      3             4.1619             4.4834             6.5052
   15      4             2.8724             4.0437             7.2232
   15      5             1.7196             4.9939             6.8490
   16      1            -7.1897            -2.3788           -14.5089
   16      2            -6.5431            -2.0037           -13.1626
   16      3            -5.2238            -1.2140           -13.2488
   16      4            -4.7055            -0.5204           -11.9752
   16      5            -5.6725             0.6031           -11.5578
   17      1             6.6856             1.2277           -15.3342
   17      2             5.2571             1.7057           -15.6545
   17      3             4.3504             1.9518           -14.4343
   17      4             4.4113             0.7804           -13.4365
   17      5             3.6457             0.9864           -12.1163
   18      1           -11.3692             9.5917            -6.1175
   18      2           -11.0774            10.2368            -4.7499
   18      3            -9.8085            11.0853            -4.9534
   18      4            -9.1280            11.6370            -3.6868
   18      5            -7.7638            12.2747            -4.0089
   19      1            11.2618            -2.0608            -4.3660
   19      2            10.4561            -3.2767            -3.8722
   19      3            10.7776            -4.5608            -4.6591
   19      4             9.9599            -5.7502            -4.1220
   19      5             9.9690            -6.9697            -5.0623
   20      1             6.1200            -2.3687            -9.5254
   20      2             7.6586            -2.3086            -9.5539
   20      3             8.3527            -1.2584            -8.6669
   20      4             9.7023            -1.7149            -8.0822
   20      5            10.8118            -1.9962            -9.1125
   21      1           -11.1905             8.5218             1.8084
   21      2           -12.3365             7.7153             1.1698
   21      3           -11.7640             6.5321             0.3675
   21      4           -12.7199             5.8568            -0.6333
   21      5           -13.9361             6.5828            -1.2379
   22      1             6.1949             8.2490             2.5369
   22      2             5.4319             9.5618             2.2801
   22      3             5.4587            10.5357             3.4727
   22      4             4.1989            11.4162             3.5692
   22      5             4.2087            12.1930             4.8989
   23      1             7.9919             5.2368            15.4751
   23      2             8.1769             6.4649            14.5646
   23      3             9.6089             7.0287            14.6208
   23      4             9.9204             7.9895            13.4583
   23      5             9.8459             7.3082            12.0792
   24      1            -2.7504            12.6830           -10.1395
   24      2            -3.6652            11.9403           -11.1310
   24      3            -4.4962            10.9020           -10.3544
   24      4            -5.5804            10.4480           -11.3494
   24      5            -6.4260            11.6475           -11.8162
   25      1            14.0292           -13.5018            -3.6589
   25      2            13.0397           -12.9524            -2.6146
   25      3            13.0217           -11.4628            -2.2243
   25      4            12.2449           -10.9977            -0.9785
   25      5            12.5614            -9.5461            -0.5732
   26      1             5.1985             9.2821             8.4833
   26      2             6.2320             8.3277             9.1098
   26      3             6.5191             7.2120             8.0879
   26      4             6.7360             7.8070             6.6841
   26      5             8.2063             8.0688             6.3085
   27      1           -11.8649            -7.1663            -5.2956
   27      2           -12.8536            -7.7773            -4.2852
   27      3           -14.3379            -7.5435            -4.6223
   27      4           -15.1619            -8.0785            -3.4364
   27      5           -14.8937            -7.3522            -2.1052
   28      1           -13.3234           -15.0053            10.8713
   28      2           -12.7814           -15.2508            12.2917
   28      3           -12.2667           -14.0069            13.0397
   28      4           -10.9979           -14.4006            13.8188
   28      5           -10.3429           -13.2678            14.6308
   29      1            -0.2941            -8.6233             4.0280
   29      2            -0.7394            -7.7157             5.1897
   29      3             0.2007            -6.5687             5.6047
   29      4             0.3798            -5.6408             4.3887
   29      5            -0.8859            -4.8013             4.1341
   30      1             9.6399            -9.2915            10.5160
   30      2            10.9627            -9.9175            10.0364
   30      3            11.8828            -9.0369             9.1706
   30      4            12.9261            -9.8179             8.3502
   30      5            12.4711           -11.2214             7.9090
   31      1           -15.5758            -5.1354             2.1275
   31      2           -15.0425            -6.4245             2.7797
   31      3           -13.5460            -6.7874             2.7594
   31      4           -13.1742            -8.0042             3.6270
   31      5           -13.2485            -7.5650             5.1012
   32      1            -2.4791            -5.6741            -9.4578
   32      2            -3.6749            -5.2060            -8.6078
   32      3            -4.4697            -4.0093            -9.1626
   32      4            -5.5332            -3.2904            -8.3119
   32      5            -5.0174            -2.7820            -6.9528
   33      1             6.2527            -6.7382            -1.4544
   33      2             6.3325            -7.3613            -2.8605
   33      3             5.4114            -8.5161            -3.2960
   33      4             5.8246            -9.1569            -4.6340
   33      5             5.2462           -10.5302            -5.0229
   34      1           -13.4314            -1.4255            10.6652
   34      2           -11.9722            -1.2225            10.2168
   34      3           -11.8210            -0.1553             9.1169
   34      4           -12.3560             1.2459             9.4663
   34      5           -11.9138             2.4321             8.5894
   35      1            10.5467             9.3545             8.9595
   35      2            10.6244            10.7679             8.3530
   35      3            11.7291            11.6969             8.8899
   35      4            12.0304            12.8693             7.9379
   35      5            13.3312            13.6738             8.1178
   36      1            -4.7490            -8.3168             2.3764
   36      2            -3.2780            -7.8623             2.4140
   36      3            -3.0261            -6.5358             1.6735
   36      4            -1.6617            -6.2778             1.0075
   36      5            -1.4321            -7.4444             0.0287
   37      1            12.0187           -12.4544           -11.3710
   37      2            11.1420           -12.7387           -12.6047
   37      3             9.6647           -13.1465           -12.4534
   37      4             8.8846           -13.2227           -13.7790
   37      5             7.3602           -13.3009           -13.5749
   38      1            -8.9884            -1.5130             5.4024
   38      2           -10.4762            -1.1619             5.2158
   38      3           -11.2884            -2.3083             4.5851
   38      4           -11.7093            -3.4454             5.5345
   38      5           -12.7374            -2.9363             6.5618
   39      1            -2.5846            13.0744             3.9749
   39      2            -1.2665            13.8507             3.7970
   39      3            -0.7158            13.7554             2.3620
   39      4             0.5393            14.6405             2.2487
   39      5             1.7234            14.2530             3.1538
   40      1            -8.1302             1.0867            -0.1178
   40      2            -8.0234            -0.2708             0.6015
   40      3            -7.6736            -1.4755            -0.2917
   40      4            -8.8040            -2.1476            -1.0930
   40      5            -8.2303            -2.9124            -2.3003
   41      1            -9.5571            -9.1021            -1.2256
   41      2           -10.4177           -10.3761            -1.3151
   41      3           -11.9011           -10.2400            -0.9246
   41      4           -12.8044           -11.4388            -1.2685
   41      5           -12.6484           -12.4337            -0.1034
   42      1            -0.9099             4.0887           -13.4604
   42      2            -2.2069             3.3536           -13.0747
   42      3            -2.8801             2.7885           -14.3392
   42      4            -2.0692             1.6228           -14.9352
   42      5            -2.5869             1.2819           -16.3450
   43      1            -9.4799             5.3854           -11.2718
   43      2            -8.9736             6.7844           -11.6692
   43      3            -8.8975             7.9370           -10.6507
   43      4            -7.9000             7.7423            -9.4937
   43      5            -8.0001             8.6901            -8.2841
   44      1            12.1582             7.5946           -11.2903
   44      2            11.0126             6.6455           -10.8923
   44      3            10.9100             5.4978           -11.9140
   44      4            12.1218             4.5593           -11.7644
   44      5            12.1030             3.2409           -12.5600
   45      1             5.1503            -9.4014            -9.4838
   45      2             5.3398           -10.5786           -10.4585
   45      3             6.8065           -11.0402           -10.5440
   45      4             7.3498           -11.1625            -9.1083
   45      5             8.8737           -10.9661            -9.0036
   46      1             5.5811            -3.0825            -1.6460
   46      2             5.7961            -1.9226            -2.6360
   46      3             5.7966            -0.4616            -2.1493
   46      4             4.4770             0.2279            -1.7555
   46      5             4.8742             1.6185            -1.2262
   47      1            -6.2913           -10.7407             0.4616
   47      2            -5.5944           -12.0443             0.8935
   47      3            -6.3927           -12.8738             1.9164
   47      4            -5.7885           -14.2439             2.2758
   47      5            -6.5437           -14.8389             3.4788
   48      1             5.6448            11.9147            13.1454
   48      2             5.5919            12.9306            11.9892
   48      3             4.2923            13.7556            11.9433
   48      4             4.3295            14.7598            13.1103
   48      5             3.0297            15.5289            13.4111
   49      1             0.3928           -12.4172            -6.3235
   49      2             1.1850           -12.0324            -7.5868
   49      3             0.2512           -11.8573            -8.7988
   49      4            -0.5771           -13.1190            -9.1051
   49      5            -1.5306           -12.7274           -10.2492
   50      1             5.2179            12.0068            -3.8782
   50      2             4.8105            11.5948            -2.4514
   50      3             4.5117            12.7744            -1.5075
   50      4             4.1265            12.3223            -0.0867
   50      5             4.0707            13.5459             0.8467
   51      1            13.9330             5.9865             9.0396
   51      2            13.9770             4.5763             8.4224
   51      3            12.8692             3.6441             8.9473
   51      4            11.4512             4.2450             8.9429
   51      5            10.3561             3.2621             9.3971
   52      1            -5.6823             1.5391            -4.3600
   52      2            -6.2788             2.8706            -3.8672
   52      3            -5.2694             4.0233            -4.0232
   52      4            -4.0512             3.9484            -3.0842
   52      5            -2.9239             4.9918            -3.1947
   53      1             9.0905            12.3875            14.3218
   53      2            10.0949            13.1312            13.4220
   53      3            10.4062            14.5947            13.7862
   53      4            11.7156            14.9437            13.0545
   53      5            12.0207            16.4434            12.8834
   54      1            -3.3465             9.5225             6.4127
   54      2            -1.9239             9.3030             6.9599
   54      3            -0.8798             9.5125             5.8474
   54      4             0.4373             8.9306             6.3935
   54      5             1.7441             9.4218             5.7434
   55      1            -5.2069             6.6005             4.8515
   55      2            -5.4568             5.5369             3.7661
   55      3            -5.5586             5.9728             2.2926
   55      4            -5.0164             4.9834             1.2445
   55      5            -5.6568             3.6246             1.5837
   56      1            -0.2527             1.9029            -1.6790
   56      2            -0.5732             1.3003            -3.0595
   56      3             0.0299            -0.0458            -3.5020
   56      4            -0.5678            -1.1987            -2.6741
   56      5            -2.1040            -1.2543            -2.7672
   57      1           -14.9248            13.2332            -1.7168
   57      2           -13.7588            12.2384            -1.5664
   57      3           -12.6463            12.9081            -0.7385
   57      4           -11.3678            12.0537            -0.6545
   57      5           -10.2838            12.6673             0.2511
   58      1             6.0885            10.3118           -11.7384
   58      2             4.8099             9.9037           -10.9832
   58      3             4.9470             8.4817           -10.4083
   58      4             5.2657             7.3426           -11.3945
   58      5             4.8791             5.9299           -10.9185
   59      1             1.7045            -9.9429             9.1683
   59      2             2.7217           -11.0988             9.1428
   59      3             2.2074           -12.5436             9.0029
   59      4             3.4426           -13.3862             8.6344
   59      5             3.9533           -13.1357             7.2032
   60      1            11.9222            11.0304            -1.2504
   60      2            10.8844            10.7071            -2.3413
   60      3             9.4351            11.0400            -1.9411
   60      4             8.4717            10.2357            -2.8337
   60      5             8.3079             8.7101            -2.7019
   61      1             5.9379           -11.7533            13.4742
   61      2             6.6736           -10.5811            14.1497
   61      3             6.7159            -9.2944            13.3045
   61      4             5.3541            -8.6822            12.9271
   61      5             5.5867            -7.4758            11.9986
   62      1           -13.8569             0.7167             1.8158
   62      2           -12.7898             0.9364             0.7274
   62      3           -12.3451             2.4082             0.6399
   62      4           -11.3888             2.6632            -0.5399
   62      5           -11.8624             2.2367            -1.9419
   63      1            -3.5831             9.0678            -6.9338
   63      2            -3.1846            10.5228            -6.6243
   63      3            -3.9991            11.2170            -5.5170
   63      4            -3.1994            12.4647            -5.0983
   63      5            -4.0058            13.7538            -4.8543
   64      1             0.0689            -3.6319            -6.4121
   64      2             1.5047            -3.6221            -6.9689
   64      3             1.9735            -4.8549            -7.7639
   64      4             3.2982            -4.5538            -8.4893
   64      5             3.0501            -3.4972            -9.5819
   65      1             5.4383           -14.5712            -5.4725
   65      2             3.9327           -14.3689            -5.7249
   65      3             2.8426           -14.4038            -4.6377
   65      4             3.1580           -13.3970            -3.5160
   65      5             2.2393           -13.4997            -2.2843
   66      1            14.5775            -6.4420           -10.1102
   66      2            15.4367            -6.9112            -8.9214
   66      3            14.8644            -8.1849            -8.2721
   66      4            14.6848            -9.4626            -9.1129
   66      5            13.8669           -10.5722            -8.4263
   67      1            -9.5353            -6.4568           -10.4298
   67      2            -8.9369            -7.1071            -9.1686
   67      3            -7.5543            -6.6394            -8.6775
   67      4            -6.8297            -7.7626            -7.9127
   67      5            -7.6346            -8.2197            -6.6819
   68      1            -5.2265            -2.8218             2.5395
   68      2            -5.7456            -1.7296             3.4931
   68      3            -4.6656            -0.7759             4.0368
   68      4            -5.4366             0.3321             4.7780
   68      5            -4.7633             1.3400             5.7280
   69      1            -8.8771            -8.9026             3.3301
   69      2            -8.6936            -7.9826             2.1088
   69      3            -8.7858            -6.5605             2.6925
   69      4            -9.2167            -5.5285             1.6337
   69      5           -10.4601            -6.0462             0.8872
   70      1           -13.0438            -2.0448            -1.8068
   70      2           -14.1866            -2.7788            -2.5327
   70      3           -13.9937            -3.4773            -3.8916
   70      4           -14.0264            -2.5957            -5.1538
   70      5           -13.7622            -3.4530            -6.4055
   71      1           -12.9989            -0.9309           -10.1489
   71      2           -12.9371             0.5710            -9.8145
   71      3           -14.1730             1.0083            -9.0065
   71      4           -15.4827             0.5926            -9.7017
   71      5           -16.8555             0.8057            -9.0372
   72      1            -7.7827           -15.1100            -1.2236
   72      2            -7.8235           -13.9246            -2.2059
   72      3            -6.4202           -13.4093            -2.5756
   72      4            -6.4059           -12.2733            -3.6152
   72      5            -7.0958           -10.9431            -3.2601
   73      1            -7.8773             9.7545             3.8151
   73      2            -8.2928             9.5756             5.2872
   73      3            -7.7409            10.6440             6.2491
   73      4            -8.0793            10.4188             7.7345
   73      5            -7.3963             9.1179             8.1958
   74      1             7.8233           -14.4797            -1.1610
   74      2             6.6826           -13.8924            -2.0128
   74      3             5.8797           -12.7504            -1.3627
   74      4             6.7981           -11.5257            -1.1951
   74      5             8.1718           -11.6906            -0.5188
   75      1            -0.8764             2.5903             8.3249
   75      2            -0.1730             1.4985             9.1524
   75      3             0.2330             0.2003             8.4302
   75      4            -0.9601            -0.7051             8.0719
   75      5            -0.6333            -1.9744             7.2634
   76      1             6.9300             9.3968            -6.4945
   76      2             7.9417            10.3285            -7.1874
   76      3             8.5156             9.9604            -8.5683
   76      4             9.1787            11.1356            -9.3105
   76      5            10.6281            11.5477            -8.9927
   77      1            -9.1458           -11.2240           -11.3982
   77      2            -8.0853           -12.0931           -12.0993
   77      3            -6.7175           -11.3980           -12.2320
   77      4            -5.6677           -12.0228           -13.1696
   77      5            -4.2523           -11.4259           -13.2800
   78      1             8.9244             4.0950            -7.3205
   78      2            10.1541             3.2214            -7.0103
   78      3             9.6417             1.8599            -6.5049
   78      4             8.9011             1.9577            -5.1582
   78      5             8.3819             0.6403            -4.5530
   79      1            10.8449             4.8641             4.7173
   79      2            11.8971             5.7929             5.3511
   79      3            12.1292             7.0018             4.4257
   79      4            12.5177             6.8261             2.9459
   79      5            13.4370             7.8390             2.2384
   80      1           -15.3813             4.4031            -8.9715
   80      2           -15.4400             5.6154            -8.0236
   80      3           -14.7900             6.8848            -8.6048
   80      4           -13.3775             6.6348            -9.1651
   80      5           -13.3925             6.0585           -10.5932
   81      1            -7.3178            -4.8756            12.0960
   81      2            -7.5214            -6.3923            11.9231
   81      3            -6.3035            -7.3339            11.8832
   81      4            -6.5286            -8.8065            11.4927
   81      5            -7.2838            -9.4918            12.6466
   82      1             2.4813             3.5278             1.4504
   82      2             2.6057             4.6072             2.5416
   82      3             1.6633             5.8122             2.3636
   82      4             0.2495             5.4398             2.8473
   82      5            -0.8975             6.4424             2.6217
   83      1            -9.9280             4.6655           -14.7654
   83      2           -10.3195             3.5706           -15.7751
   83      3           -10.3036             2.2766           -14.9404
   83      4            -8.9756             1.7911           -14.3302
   83      5            -7.6948             1.6333           -15.1707
   84      1           -16.9465            12.3844           -11.9826
   84      2           -15.7023            11.9103           -11.2088
   84      3           -14.4482            12.8004           -11.2908
   84      4           -13.4788            12.3014           -10.2031
   84      5           -13.0961            10.8122           -10.2889
   85      1            12.8354             1.1975             5.8374
   85      2            13.6377             0.1650             6.6510
   85      3            12.7203            -0.5947             7.6271
   85      4            11.7558            -1.6425             7.0412
   85      5            11.2294            -2.5209             8.1914
   86      1            -4.0983            -2.9903            12.4512
   86      2            -4.3005            -1.5100            12.0779
   86      3            -5.6366            -1.1875            11.3832
   86      4            -5.8936             0.3309            11.3756
   86      5            -4.9090             0.9725            10.3803
   87      1           -13.2411           -11.8415             6.8423
   87      2           -12.6478           -12.5790             5.6275
   87      3           -13.1161           -12.0922             4.2435
   87      4           -14.6191           -11.9099             3.9621
   87      5           -14.9518           -11.1473             2.6661
   88      1            -6.5723             5.5561            13.5207
   88      2            -6.1678             6.8343            12.7628
   88      3            -5.1459             6.5493            11.6465
   88      4            -5.7319             5.9156            10.3711
   88      5            -4.6399             5.0073             9.7759
   89      1             1.1450            -0.6097            14.1312
   89      2             0.8747            -1.1923            12.7315
   89      3             1.4666            -2.5974            12.5149
   89      4             1.2603            -3.2868            11.1534
   89      5             1.7767            -4.7369            11.1985
   90      1             2.6804           -11.6538             0.8083
   90      2             3.8070           -10.7516             1.3453
   90      3             3.5955           -10.2256             2.7772
   90      4             4.5511            -9.0478             3.0438
   90      5             5.0732            -8.9413             4.4887
   91      1            13.4126            -5.8796            11.6671
   91      2            13.6900            -4.8882            10.5218
   91      3            14.5990            -5.3710             9.3763
   91      4            15.9264            -5.9801             9.8648
   91      5            16.6531            -6.8335             8.8087
   92      1             2.3255            -5.8931            -2.5080
   92      2             1.9914            -7.0456            -3.4732
   92      3             1.3097            -6.6051            -4.7820
   92      4             0.8646            -7.8900            -5.5048
   92      5             2.0111            -8.8720            -5.8094
   93      1           -14.1966            12.9577             3.3421
   93      2           -13.4327            11.6330             3.5241
   93      3           -13.6594            10.9723             4.8966
   93      4           -15.1357            10.6905             5.2326
   93      5           -15.5857             9.6375             6.2623
   94      1            -1.3684            -1.5457             1.8931
   94      2            -0.4906            -0.3805             2.3866
   94      3            -1.1233             0.6912             3.2936
   94      4            -1.9809             1.6931             2.4985
   94      5            -2.7345             2.7400             3.3397
   95      1            -3.5113             8.7849             0.7369
   95      2            -4.6633             9.1470            -0.2188
   95      3            -4.5488            10.5891            -0.7469
   95      4            -4.6748            11.6715             0.3413
   95      5            -4.5498            13.0799            -0.2691
   96      1            -2.8983             0.2500            -7.2003
   96      2            -2.2777             1.3484            -8.0835
   96      3            -1.9873             1.0496            -9.5661
   96      4            -0.7888             0.1192            -9.8299
   96      5            -0.4951            -0.1498           -11.3175
   97      1             4.7871            -4.4094           -14.7023
   97      2             4.1513            -4.8951           -13.3865
   97      3             4.8169            -6.1396           -12.7703
   97      4             6.3381            -5.9995           -12.5755
   97      5             7.0471            -7.2900           -12.1243
   98      1            -9.6192            -1.6393            -9.3950
   98      2            -9.6684            -0.9534            -8.0170
   98      3            -9.9505            -1.9185            -6.8506
   98      4            -8.9014            -3.0143            -6.5856
   98      5            -9.6172            -4.0933            -5.7518
   99      1            13.7790             2.3270            -0.6874
   99      2            13.5740             3.4041            -1.7688
   99      3            14.2730             3.1707            -3.1211
   99      4            13.7574             1.8918            -3.8067
   99      5            14.6892             1.2668            -4.8615
  100      1             1.5963             7.7337            16.0456
  100      2             3.0109             7.5365            15.4696
  100      3             3.5800             8.8154            14.8276
  100      4             2.6738             9.1114            13.6181
  100      5             1.2512             9.5987            13.9505
  101      1            -4.6233            14.9388             7.0527
  101      2            -5.1909            13.5102             6.9598
  101      3            -4.5625            12.4974             7.9351
  101      4            -4.8659            12.6216             9.4398
  101      5            -4.6274            11.3065            10.2049
  102      1            14.9499             6.6063            14.5673
  102      2            14.2262             7.9412            14.8238
  102      3            14.1984             8.8484            13.5797
  102      4            14.1488            10.3628            13.8549
  102      5            15.4589            10.8322            14.5145
  103      1            -8.4300            -6.0073             6.6362
  103      2            -7.1790            -5.2564             6.1437
  103      3            -5.7724            -5.7629             6.5133
  103      4            -5.4154            -5.5350             7.9939
  103      5            -5.6395            -4.0589             8.3711
  104      1           -10.7698           -10.3303            -8.0732
  104      2           -11.4036           -11.7337            -8.0913
  104      3           -11.6825           -12.1715            -6.6415
  104      4           -10.4043           -12.3564            -5.8027
  104      5            -9.6857           -13.7153            -5.8949
  105      1           -14.5020            11.3494             9.8276
  105      2           -13.3552            10.6598             9.0655
  105      3           -13.4128             9.1248             9.1756
  105      4           -12.6557             8.5023            10.3634
  105      5           -11.1361             8.7434            10.2964
  106      1             3.1557            11.9213            -7.4840
  106      2             2.1998            10.7210            -7.3530
  106      3             2.5917             9.6160            -6.3545
  106      4             1.8432             8.3238            -6.7307
  106      5             2.2078             6.9493            -6.1394
  107      1             6.8492            13.0032             7.6966
  107      2             7.2040            14.4396             8.1240
  107      3             8.6331            14.4156             8.6973
  107      4             9.1832            15.8154             9.0282
  107      5             8.6977            16.3368            10.3935
  108      1             2.7062             2.9714            11.8782
  108      2             1.9185             3.3486            13.1466
  108      3             1.3569             4.7774            13.0248
  108      4             0.4319             4.8571            11.7961
  108      5            -0.3082             6.1771            11.5109
  109      1            14.9713            11.7550            -6.7155
  109      2            14.7232            11.2077            -5.2976
  109      3            14.3809             9.7076            -5.3612
  109      4            13.6000             9.0892            -4.1867
  109      5            12.6636             7.9375            -4.5969
  110      1           -12.5427            -4.5557           -11.0844
  110      2           -13.1944            -4.0302           -12.3769
  110      3           -12.0915            -3.7515           -13.4149
  110      4           -12.6270            -3.5888           -14.8497
  110      5           -12.8656            -4.9485           -15.5322
  111      1             6.1728            -4.5388            -5.8050
  111      2             6.3561            -5.7663            -6.7168
  111      3             7.5174            -5.6621            -7.7229
  111      4             7.9014            -6.9236            -8.5183
  111      5             9.2087            -6.7045            -9.3023
  112      1             6.6235            -5.2671             8.8742
  112      2             5.9917            -4.3989             7.7703
  112      3             4.4789            -4.1818             7.9604
  112      4             3.8655            -3.9155             6.5732
  112      5             3.9534            -5.1661             5.6788
  113      1            10.0008           -14.1772             1.9383
  113      2             9.6619           -14.3137             3.4343
  113      3             8.1506           -14.5378             3.6277
  113      4             7.3065           -13.4287             2.9725
  113      5             5.8998           -14.0405             2.8372
  114      1            -6.7181           -16.1684            -7.8096
  114      2            -6.6548           -14.7111            -8.3035
  114      3            -5.2926           -14.0558            -8.0091
  114      4            -5.2521           -12.5489            -8.3239
  114      5            -6.2335           -11.8871            -7.3388
  115      1            -5.9907             7.8458            -3.3485
  115      2            -6.9575             7.5374            -4.5068
  115      3            -8.1288             6.6539            -4.0385
  115      4            -8.8846             6.9178            -2.7230
  115      5            -8.1915             6.3989            -1.4494
  116      1            -5.9790            -6.3640           -13.4248
  116      2            -4.7512            -5.6254           -12.8602
  116      3            -3.5450            -6.3152           -13.5242
  116      4            -2.2417            -5.5051           -13.3955
  116      5            -2.3112            -4.1339           -14.0931
  117      1            -2.0544            -7.8155            10.6994
  117      2            -0.8201            -8.3751            11.4309
  117      3            -0.2818            -7.6723            12.6911
  117      4             0.9304            -8.4446            13.2440
  117      5             1.5983            -7.8417            14.4938
  118      1            -1.5696           -12.3425             3.1428
  118      2            -2.8694           -11.7457             3.7138
  118      3            -2.8471           -11.2813             5.1819
  118      4            -4.1275           -10.5736             5.6628
  118      5            -5.4753           -11.2836             5.4368
  119      1            11.8823            -3.3097           -12.5448
  119      2            12.5976            -1.9643           -12.7681
  119      3            11.5148            -0.8791           -12.9140
  119      4            10.9237            -0.8354           -14.3353
  119      5             9.8700             0.2712           -14.5271
  120      1            -0.4361            12.5262            -3.3905
  120      2            -0.5257            11.0548            -2.9449
  120      3             0.4529            10.6640            -1.8219
  120      4             0.5768             9.1442            -1.6061
  120      5             1.5295             8.7201            -0.4729

