Water       64
    1      1           -32.0728            20.4997           -61.2205
    1      2           -31.1925            20.2096           -60.8451
    1      3           -32.3159            21.3948           -60.8468
    2      1           -63.1155           -45.0293           -20.6157
    2      2           -62.9407           -44.0503           -20.5106
    2      3           -63.9454           -45.1635           -21.1571
    3      1            32.6461            15.9840            42.6558
    3      2            33.2530            16.2095            41.8936
    3      3            32.2485            16.8239            43.0251
    4      1            37.9054            28.5485           -25.8409
    4      2            36.9306            28.3451           -25.7491
    4      3            38.2299            28.2303           -26.7316
    5      1             6.0117            49.1941            -0.4181
    5      2             5.7503            49.9890            -0.9657
    5      3             6.1217            48.3996            -1.0153
    6      1            34.0030           -21.2914           -37.8866
    6      2            34.0765           -21.6044           -38.8335
    6      3            33.0435           -21.3036           -37.6050
    7      1            32.4618           -43.8345            37.4275
    7      2            33.1332           -44.5599            37.5796
    7      3            31.6195           -44.2311            37.0625
    8      1            -0.5756           -27.3624           -23.3051
    8      2             0.3874           -27.3576           -23.0357
    8      3            -1.1279           -26.9597           -22.5751
    9      1            49.0808            32.0654            32.2561
    9      2            50.0400            32.3350            32.1709
    9      3            48.7105            32.4183            33.1154
   10      1             2.9457            27.7608            52.6342
   10      2             2.0518            28.0051            53.0101
   10      3             3.3844            27.0870            53.2287
   11      1            -8.1241           -54.1527           -15.9373
   11      2            -8.6324           -53.9494           -16.7742
   11      3            -7.2531           -54.5840           -16.1728
   12      1            29.7752           -56.5150            55.6800
   12      2            29.1403           -56.4390            56.4489
   12      3            30.7018           -56.6623            56.0261
   13      1           -31.7512            27.5600            54.7451
   13      2           -32.6650            27.6537            54.3500
   13      3           -31.1759            28.3180            54.4376
   14      1            -1.0011           -13.2697           -18.9117
   14      2            -0.4848           -12.4662           -19.2080
   14      3            -1.1490           -13.2251           -17.9237
   15      1            10.0375           -43.2645             8.4878
   15      2            10.2953           -42.5404             9.1275
   15      3             9.3846           -43.8811             8.9277
   16      1            18.4595            10.0415           -47.4773
   16      2            17.9383            10.3148           -48.2858
   16      3            17.9488             9.3467           -46.9708
   17      1           -15.6547           -66.6917            -3.6877
   17      2           -14.9991           -66.4346            -2.9777
   17      3           -15.4701           -66.1660            -4.5181
   18      1           -51.2900            -1.9396           -42.4516
   18      2           -50.4720            -2.2208           -42.9534
   18      3           -51.7077            -1.1542           -42.9084
   19      1           -62.9000           -58.5579           -36.8778
   19      2           -62.4669           -58.8259           -36.0172
   19      3           -63.8690           -58.8039           -36.8541
   20      1            13.2951            55.4883            38.6169
   20      2            14.1910            55.7575            38.9703
   20      3            12.5814            56.0061            39.0887
   21      1           -24.7669           -10.3043           -54.9582
   21      2           -24.3725            -9.4207           -55.2107
   21      3           -25.4905           -10.1654           -54.2821
   22      1            -3.2594            21.4730           -10.8929
   22      2            -2.9471            21.2252            -9.9758
   22      3            -3.8637            20.7577           -11.2439
   23      1            57.5208             9.6329           -33.4468
   23      2            58.3818            10.0767           -33.1981
   23      3            57.1626            10.0459           -34.2841
   24      1           -51.3360            55.3907             7.6696
   24      2           -51.9908            54.7599             8.0859
   24      3           -51.8011            55.9482             6.9820
   25      1           -12.3839            -0.4706           -24.9770
   25      2           -13.3246            -0.7148           -25.2127
   25      3           -12.1793             0.4437           -25.3265
   26      1            39.4647           -11.6724           -16.2647
   26      2            38.9567           -12.2444           -15.6206
   26      3            40.0910           -11.0780           -15.7603
   27      1           -25.2556           -13.5028            23.8446
   27      2           -25.0692           -14.3916            23.4258
   27      3           -24.7734           -13.4383            24.7183
   28      1            27.6443            66.6609           -29.2068
   28      2            28.0034            66.9116           -30.1058
   28      3            28.1135            65.8418           -28.8770
   29      1            67.4616           -35.5381           -21.2115
   29      2            67.7672           -35.3159           -22.1374
   29      3            67.6677           -36.4963           -21.0134
   30      1            30.0166           -45.0402            37.3417
   30      2            29.5192           -45.2178            38.1909
   30      3            29.3956           -45.1412            36.5644
   31      1           -33.9896           -64.7823            20.2337
   31      2           -34.6936           -65.2805            19.7277
   31      3           -33.0863           -65.0461            19.8954
   32      1           -67.9851           -35.4456             7.2044
   32      2           -68.3394           -35.2572             8.1204
   32      3           -67.7219           -36.4082             7.1403
   33      1           -23.5328           -17.9901            42.5097
   33      2           -23.3388           -17.0110            42.5704
   33      3           -23.3878           -18.4147            43.4034
   34      1            47.3200           -40.3610           -15.4503
   34      2            47.5486           -40.5529           -14.4959
   34      3            46.4957           -40.8671           -15.7039
   35      1           -37.9015           -64.3461           -39.7634
   35      2           -37.8487           -63.3476           -39.7768
   35      3           -37.4679           -64.6917           -38.9311
   36      1            38.6718            -9.6783           -18.3192
   36      2            39.2299           -10.4290           -17.9658
   36      3            37.7998           -10.0385           -18.6505
   37      1            64.4002           -59.4778            37.0805
   37      2            63.6989           -59.4262            36.3695
   37      3            65.1419           -58.8430            36.8638
   38      1            39.7976            57.6695           -25.4408
   38      2            39.7714            58.0540           -24.5181
   38      3            40.6759            57.8857           -25.8672
   39      1            64.2737            67.5396            61.5723
   39      2            63.3923            67.2978            61.1664
   39      3            64.6946            66.7225            61.9663
   40      1             7.4505           -12.3624           -58.1757
   40      2             8.1831           -12.9223           -57.7886
   40      3             6.7395           -12.9570           -58.5513
   41      1           -24.6457           -11.2582           -65.3849
   41      2           -25.2385           -10.5772           -65.8148
   41      3           -25.0900           -12.1536           -65.4153
   42      1            29.3564           -45.5085            39.8880
   42      2            28.7578           -44.7670            40.1910
   42      3            29.9314           -45.8054            40.6504
   43      1             0.6251            59.7837            23.2293
   43      2             0.0719            60.5178            23.6231
   43      3             1.1197            60.1299            22.4322
   44      1             4.1281            20.6685           -26.4316
   44      2             4.2025            19.6731           -26.3717
   44      3             4.7829            21.0900           -25.8042
   45      1           -39.1432           -28.6284             3.0159
   45      2           -38.4192           -28.9852             2.4256
   45      3           -39.6021           -29.3880             3.4769
   46      1           -19.4458            -4.9123            26.8443
   46      2           -18.7150            -5.1391            27.4882
   46      3           -19.4676            -5.5926            26.1117
   47      1            59.7315            -0.2705           -16.1151
   47      2            60.7206            -0.1329           -16.0617
   47      3            59.5407            -1.2076           -16.4074
   48      1            10.6906           -55.5543            12.6613
   48      2            11.3195           -54.7788            12.6069
   48      3            10.4027           -55.8154            11.7399
   49      1           -43.3090            13.1967            21.5888
   49      2           -44.0603            13.7857            21.2911
   49      3           -43.6530            12.5218            22.2416
   50      1            -4.4275            32.7318           -39.4360
   50      2            -4.2674            32.6385           -38.4533
   50      3            -5.4111            32.7213           -39.6159
   51      1           -63.3723            59.7860            -0.4919
   51      2           -63.1251            58.8537            -0.7557
   51      3           -64.1393            59.7588             0.1491
   52      1           -41.0157             3.7322             6.9181
   52      2           -40.2877             3.8222             6.2384
   52      3           -41.9038             3.7421             6.4586
   53      1            12.6938            22.3901            18.2657
   53      2            11.9254            21.8972            17.8574
   53      3            13.5183            22.2310            17.7227
   54      1           -55.0673             2.8741            24.0117
   54      2           -54.9083             2.4238            23.1330
   54      3           -54.4365             3.6437            24.1109
   55      1            49.2705           -11.5037            -7.0307
   55      2            48.7730           -11.8034            -7.8448
   55      3            50.1366           -11.0855            -7.3046
   56      1            -7.9096           -21.7676           -45.6151
   56      2            -6.9589           -21.6263           -45.8913
   56      3            -8.5150           -21.2747           -46.2400
   57      1            22.5715            44.0464            15.5116
   57      2            22.0867            43.9247            14.6455
   57      3            21.9176            44.2879            16.2286
   58      1            63.3125           -26.9266            58.3698
   58      2            63.3197           -27.7233            57.7655
   58      3            63.3237           -26.0912            57.8203
   59      1             6.8517            60.7648           -61.7746
   59      2             6.0323            60.9247           -61.2240
   59      3             6.5862            60.5732           -62.7195
   60      1           -50.9269           -53.0577           -28.2050
   60      2           -50.9960           -52.0629           -28.1294
   60      3           -49.9880           -53.3097           -28.4395
   61      1           -34.5455             3.9560            36.3474
   61      2           -35.4544             4.3362            36.1762
   61      3           -34.5605             3.4249            37.1946
   62      1            67.9911           -50.0697           -63.5405
   62      2            68.9453           -50.2179           -63.8003
   62      3            67.4003           -50.6597           -64.0908
   63      1           -54.9517           -33.4290           -17.5321
   63      2           -55.7044           -33.2656           -16.8942
   63      3           -55.3216           -33.6727           -18.4286
   64      1            33.2920           -53.7781           -39.7097
   64      2            33.2950           -52.9889           -40.3238
   64      3            34.1761           -53.8440           -39.2472

