Water       64
    1      1           -39.5527             0.8705            38.1753
    1      2           -40.4678             0.6574            38.5177
    1      3           -39.4343             1.8627            38.1358
    2      1            64.5033           -49.7359            -6.0035
    2      2            64.8624           -50.4021            -5.3498
    2      3            64.7242           -48.8115            -5.6928
    3      1           -32.3530           -61.1932            42.5805
    3      2           -32.7288           -62.1189            42.5379
    3      3           -32.2489           -60.8326            41.6536
    4      1           -64.5170            -3.8197           -25.9679
    4      2           -63.9066            -4.4883           -26.3927
    4      3           -64.4138            -3.8583           -24.9740
    5      1            -2.7112            49.3538            11.3382
    5      2            -2.7642            49.6590            12.2890
    5      3            -3.6290            49.1356            11.0065
    6      1            57.5548           -30.2495           -46.9980
    6      2            56.7338           -29.9362           -47.4753
    6      3            58.0828           -30.8479           -47.6006
    7      1            48.8662           -23.9416            52.8148
    7      2            49.7897           -24.2743            53.0060
    7      3            48.5462           -23.3866            53.5826
    8      1            20.5877           -29.1562           -34.1393
    8      2            20.6827           -29.0886           -33.1461
    8      3            21.4730           -28.9844           -34.5713
    9      1            43.2047            39.2687            38.3509
    9      2            43.2943            39.4847            39.3232
    9      3            42.2372            39.2641            38.0982
   10      1            32.9662           -56.7061            50.3984
   10      2            32.2402           -56.5554            49.7273
   10      3            32.7344           -56.2376            51.2509
   11      1            12.6535            14.4465           -58.1749
   11      2            12.1190            15.1041           -57.6440
   11      3            12.9890            13.7241           -57.5702
   12      1            15.1016           -66.8601            56.2605
   12      2            15.5642           -66.5085            57.0744
   12      3            14.1601           -66.5238            56.2408
   13      1           -37.0454            22.3351            52.9144
   13      2           -37.1802            21.4530            53.3659
   13      3           -37.9277            22.7937            52.8087
   14      1            -6.1619           -11.2066           -23.5935
   14      2            -6.9850           -10.9030           -23.1136
   14      3            -5.5569           -10.4249           -23.7450
   15      1            28.6741            58.2523            37.1660
   15      2            29.3524            58.9523            37.3894
   15      3            28.9760            57.7401            36.3620
   16      1           -31.1568             8.8772           -57.4188
   16      2           -30.6695             8.1860           -56.8851
   16      3           -32.1323             8.8388           -57.2022
   17      1           -28.3860           -56.2673            28.5149
   17      2           -28.2681           -56.8290            27.6960
   17      3           -28.5609           -56.8585            29.3022
   18      1           -14.1444            18.5080            -1.4577
   18      2           -13.6591            17.8318            -0.9034
   18      3           -14.1374            19.3909            -0.9882
   19      1            47.6171            47.5520           -42.3673
   19      2            48.5261            47.9209           -42.5609
   19      3            46.9212            48.1899           -42.6973
   20      1           -33.2318            20.9458           -59.9642
   20      2           -32.4631            20.3152           -60.0710
   20      3           -33.3570            21.4650           -60.8097
   21      1            67.5562           -67.1322            56.8163
   21      2            67.1335           -68.0319            56.7070
   21      3            66.9102           -66.5122            57.2615
   22      1           -14.5028            24.3721            13.1038
   22      2           -14.0516            24.8458            13.8602
   22      3           -14.7708            25.0370            12.4066
   23      1           -57.4851           -11.0851           -32.7448
   23      2           -57.8254           -11.0666           -33.6850
   23      3           -58.2252           -11.3528           -32.1278
   24      1            64.7770            55.5427            52.9978
   24      2            64.8694            55.3627            53.9771
   24      3            65.4384            54.9880            52.4930
   25      1             1.8380            43.7332           -38.4470
   25      2             1.0338            44.0385           -38.9568
   25      3             2.4381            43.2107           -39.0528
   26      1            40.6346           -16.3887            42.4799
   26      2            41.0545           -16.2749            43.3803
   26      3            41.0015           -17.2096            42.0424
   27      1           -30.3004            -2.1436            -7.8855
   27      2           -30.7589            -2.9446            -7.5008
   27      3           -30.8128            -1.3190            -7.6456
   28      1           -29.5768            54.5088            26.9140
   28      2           -30.3842            54.2248            27.4312
   28      3           -29.6569            55.4767            26.6758
   29      1            -3.2443           -10.7176           -18.3645
   29      2            -3.0830           -11.6787           -18.5888
   29      3            -3.9012           -10.3301           -19.0113
   30      1            56.2287           -47.5499            -3.4255
   30      2            56.8644           -48.2903            -3.6438
   30      3            56.3060           -47.3194            -2.4555
   31      1            12.2235           -62.7809           -48.8877
   31      2            12.7149           -63.4410           -48.3195
   31      3            11.3043           -62.6429           -48.5190
   32      1            49.3503            16.5830           -17.0280
   32      2            49.8779            15.8089           -16.6781
   32      3            48.5332            16.2454           -17.4954
   33      1           -24.6043           -22.9942           -56.6460
   33      2           -24.0323           -22.6574           -55.8981
   33      3           -24.2642           -22.6333           -57.5144
   34      1           -18.9329           -41.3059           -44.5517
   34      2           -17.9647           -41.4127           -44.3251
   34      3           -19.3154           -40.5440           -44.0290
   35      1            69.5244             2.0098           -37.7923
   35      2            69.9651             2.9035           -37.7087
   35      3            68.5815             2.0712           -37.4650
   36      1           -58.8394           -57.3968           -48.6014
   36      2           -59.2176           -57.7546           -49.4552
   36      3           -58.3984           -58.1383           -48.0957
   37      1           -50.5620           -16.4072            27.0516
   37      2           -50.2275           -15.4773            27.2048
   37      3           -51.1632           -16.6736            27.8050
   38      1           -45.4205             2.6173           -48.4210
   38      2           -45.3865             1.6340           -48.5995
   38      3           -44.7628             2.8489           -47.7043
   39      1            35.1521            59.0163            -1.2211
   39      2            35.0453            59.7733            -1.8657
   39      3            36.0549            58.6027            -1.3393
   40      1            -1.9261           -60.0881            -5.4533
   40      2            -1.9089           -59.1273            -5.7301
   40      3            -2.7967           -60.4979            -5.7256
   41      1           -59.4562             1.4340            10.0476
   41      2           -58.5936             1.3114            10.5383
   41      3           -59.3725             2.2024             9.4131
   42      1            13.0045             6.2702            25.8230
   42      2            13.6865             6.1093            25.1095
   42      3            12.1617             6.6122            25.4074
   43      1            38.4813           -10.0553            12.2280
   43      2            37.5391           -10.2435            11.9505
   43      3            39.0800           -10.1030            11.4285
   44      1            12.1432            27.0087            54.2205
   44      2            11.3006            26.4941            54.0612
   44      3            12.5654            26.7012            55.0733
   45      1           -62.2246            12.8745            39.8653
   45      2           -61.3663            12.4575            40.1641
   45      3           -62.9940            12.3323            40.2032
   46      1            28.1905            11.7446             2.3718
   46      2            27.9088            10.9172             1.8859
   46      3            28.2766            11.5448             3.3479
   47      1            40.7983            26.1300             2.5702
   47      2            41.0428            26.0559             1.6034
   47      3            40.2871            26.9762             2.7208
   48      1            25.8026           -54.3360            39.7216
   48      2            26.2256           -53.6793            40.3459
   48      3            26.4396           -55.0865            39.5456
   49      1            41.5462            21.6526            26.8697
   49      2            41.8609            22.4479            26.3515
   49      3            41.2031            20.9576            26.2379
   50      1            32.4298             2.3258           -49.1740
   50      2            31.7031             2.2390           -48.4925
   50      3            32.2086             3.0701           -49.8041
   51      1            57.1897            47.5417           -11.7889
   51      2            56.4502            47.3938           -11.1322
   51      3            57.7924            48.2663           -11.4547
   52      1             0.7415            63.7267            13.5386
   52      2            -0.1066            63.6536            14.0634
   52      3             1.3423            64.4008            13.9681
   53      1           -58.7030            39.8834           -57.8036
   53      2           -58.5530            39.6294           -58.7591
   53      3           -59.2508            39.1784           -57.3533
   54      1           -53.2496            -1.7522           -41.3038
   54      2           -53.8332            -2.0506           -42.0590
   54      3           -52.4527            -2.3531           -41.2409
   55      1           -30.6052             0.1497            -4.5323
   55      2           -30.7857             0.2696            -3.5561
   55      3           -29.6549             0.3921            -4.7278
   56      1           -34.7141           -30.7634           -12.7261
   56      2           -34.6081           -31.0393           -13.6814
   56      3           -34.0207           -30.0802           -12.4974
   57      1            13.7328           -65.5684            60.9366
   57      2            14.0693           -64.6758            61.2366
   57      3            14.4836           -66.2288            60.9484
   58      1            59.4526            30.3625           -36.1124
   58      2            59.1226            29.8122           -35.3454
   58      3            58.7034            30.9207           -36.4689
   59      1             8.7173           -58.8900            67.4114
   59      2             8.0720           -58.5441            68.0925
   59      3             9.5618           -59.1732            67.8659
   60      1           -61.1306           -36.2460            -3.6638
   60      2           -60.7763           -35.3505            -3.9330
   60      3           -60.6188           -36.5831            -2.8735
   61      1           -56.4842            54.4029            57.6344
   61      2           -55.6130            54.5884            57.1799
   61      3           -57.1849            55.0203            57.2767
   62      1           -64.5114            15.9784            28.3981
   62      2           -63.6066            15.5574            28.4623
   62      3           -64.7630            16.3648            29.2854
   63      1            46.7909           -56.6054           -59.9514
   63      2            47.2599           -55.7654           -60.2244
   63      3            47.3979           -57.3873           -60.0934
   64      1            65.0642           -12.5228           -41.3241
   64      2            64.3616           -12.0276           -41.8350
   64      3            65.1832           -13.4340           -41.7185

