Ethane      256
    1      1           -37.8525             0.4227            37.1397
    1      2           -39.0775             1.3526            37.0609
    2      1           -20.3519            49.1400           -12.5410
    2      2           -20.1626            50.6647           -12.6458
    3      1            42.9830           -41.1995           -24.5502
    3      2            43.8054           -40.5218           -23.4385
    4      1            42.0273            -2.6026            10.1856
    4      2            41.0432            -3.7011            10.6288
    5      1           -64.0963            57.2090           -52.1500
    5      2           -63.7032            55.7204           -52.1200
    6      1            42.2899            -8.4776           -34.8326
    6      2            40.9748            -7.8109           -34.3879
    7      1            -6.4197            51.0414            15.0072
    7      2            -5.1401            50.2733            15.3869
    8      1            55.2416            21.6670           -44.0050
    8      2            56.2593            20.5518           -43.7015
    9      1            17.1308            65.1683            46.9191
    9      2            17.8740            64.1204            47.7682
   10      1           -53.3519           -40.8491            17.3561
   10      2           -51.9379           -40.2641            17.1825
   11      1            59.7207           -61.0016           -24.1806
   11      2            60.7462           -62.1333           -24.3782
   12      1            27.5780             8.3066           -31.5087
   12      2            28.9703             7.6618           -31.3769
   13      1           -53.6202           -32.5321             3.7315
   13      2           -52.1703           -32.0320             3.5927
   14      1           -55.9291            35.6942           -15.3107
   14      2           -54.8241            36.5121           -16.0047
   15      1             7.1612           -12.3304           -57.4057
   15      2             7.9123           -13.1560           -58.4667
   16      1            23.0448            36.7535             0.3990
   16      2            24.2949            37.1888            -0.3881
   17      1           -60.7490            48.4825            14.7585
   17      2           -59.8307            48.4846            15.9947
   18      1             3.6446           -48.5345            47.2765
   18      2             4.1228           -49.1286            45.9386
   19      1             9.6826            19.1698            14.5937
   19      2             9.3805            18.1152            13.5129
   20      1           -55.2880             2.8259           -41.5384
   20      2           -55.9145             1.5811           -42.1939
   21      1            58.7846            64.4306           -60.1484
   21      2            59.5327            65.1847           -59.0334
   22      1            19.4749            18.4049           -31.4384
   22      2            20.7824            19.1522           -31.7603
   23      1             4.9372             6.2576            40.9444
   23      2             6.4758             6.3010            40.8953
   24      1            10.7090            46.2697            28.4258
   24      2            11.3860            44.8894            28.5163
   25      1           -29.6086            36.9078           -43.7965
   25      2           -29.4297            35.7954           -44.8462
   26      1            50.1472            62.9599            44.9141
   26      2            51.1248            61.9773            44.2431
   27      1            32.8407           -10.0415            42.6524
   27      2            31.5120            -9.5102            43.2214
   28      1           -11.2374            10.1007            50.4899
   28      2           -10.7519            11.4338            51.0889
   29      1            46.5872            26.0492            56.4718
   29      2            47.2755            26.7982            55.3155
   30      1           -42.6632            46.1185            54.5182
   30      2           -43.1961            44.7175            54.1650
   31      1            32.8512            10.5945            -1.8117
   31      2            32.2816            10.8966            -3.2103
   32      1           -52.0697            62.6041           -31.8894
   32      2           -52.0363            64.1361           -31.7363
   33      1            53.0930           -40.0189           -19.1336
   33      2            52.3123           -38.8668           -19.7930
   34      1            38.0071             1.2976           -46.1050
   34      2            38.9853             2.2478           -46.8203
   35      1            47.3840           -22.9290            50.6646
   35      2            47.6197           -23.5613            52.0488
   36      1           -62.7349            17.9369           -23.7016
   36      2           -62.3057            19.4158           -23.6848
   37      1             3.1314           -60.0485           -44.3470
   37      2             3.8910           -61.3341           -44.7237
   38      1           -31.6138           -52.3999           -16.3002
   38      2           -31.5592           -53.8804           -15.8800
   39      1           -16.6276            65.1137           -23.0618
   39      2           -15.4550            64.2766           -23.6056
   40      1            53.3784           -57.1300           -40.4850
   40      2            52.2935           -57.9380           -41.2211
   41      1           -33.1416            28.1338           -53.6554
   41      2           -33.1245            29.0005           -54.9283
   42      1            -6.9723            65.3523             8.8441
   42      2            -7.6266            65.5224            10.2278
   43      1           -55.4300            62.3553            56.5882
   43      2           -55.7496            62.0701            58.0675
   44      1           -31.6480            41.1073            60.8180
   44      2           -30.2406            40.8594            60.2440
   45      1           -52.5481            31.1176            19.9521
   45      2           -52.9752            32.5515            19.5872
   46      1            20.6726            39.4680            42.4002
   46      2            19.7793            40.2803            41.4443
   47      1            20.4746             9.3021           -21.2130
   47      2            21.1590            10.5516           -21.7978
   48      1            31.9367            24.6625           -42.9259
   48      2            30.8425            25.5038           -42.2429
   49      1           -45.6342           -38.0019            -6.4557
   49      2           -46.9133           -38.0492            -7.3120
   50      1            54.8890           -12.1469           -54.6636
   50      2            54.8326           -10.7497           -55.3088
   51      1            60.7551            41.3246           -64.7709
   51      2            62.2205            41.1492           -64.3312
   52      1            31.9282           -55.3298            48.2508
   52      2            32.0159           -54.7733            49.6840
   53      1             2.0780            48.0860            -1.3379
   53      2             1.6119            47.7864            -2.7747
   54      1            43.6285           -60.8035            21.8392
   54      2            43.3373           -60.9682            23.3424
   55      1            -3.7277             5.3507           -33.2808
   55      2            -2.6595             4.2423           -33.3266
   56      1            37.3405           -12.7084           -49.8033
   56      2            37.6869           -13.3460           -48.4449
   57      1           -52.3075            50.8164           -38.3230
   57      2           -51.5026            50.9260           -37.0147
   58      1           -56.5047           -27.5967             1.9531
   58      2           -56.3964           -26.5042             0.8731
   59      1            -8.1488            49.8881           -14.7021
   59      2            -8.9221            48.8969           -13.8126
   60      1            53.4546            49.0736            44.8697
   60      2            52.5694            48.8975            46.1174
   61      1            10.2480            34.8123            46.2039
   61      2            11.4402            35.2808            47.0587
   62      1            56.2119            -3.2299            30.3972
   62      2            55.2862            -4.4564            30.4995
   63      1            18.5689            22.8359            14.6658
   63      2            20.0885            22.5899            14.6223
   64      1            -3.0995            45.7822           -50.6407
   64      2            -2.7713            47.2818           -50.7637
   65      1           -48.5051           -37.2923            49.6886
   65      2           -50.0429           -37.3168            49.6095
   66      1            43.1669            42.4783            55.0308
   66      2            42.0894            43.5486            55.2860
   67      1            14.1685            -9.5490           -18.5468
   67      2            14.7741            -9.7482           -17.1449
   68      1           -18.4689            46.2198            22.4549
   68      2           -17.6200            45.7355            21.2647
   69      1           -17.0969            39.8275           -51.2149
   69      2           -16.3920            38.5632           -50.6894
   70      1           -19.4887            44.9474            58.0107
   70      2           -19.7732            44.4734            59.4480
   71      1            31.8508            10.3059            52.5904
   71      2            30.6754             9.5436            51.9508
   72      1           -42.6378            44.5425           -13.9613
   72      2           -43.5172            45.1125           -12.8329
   73      1           -37.9143           -13.5991            57.5572
   73      2           -37.6659           -15.0108            56.9941
   74      1            18.1663            27.2245            14.9275
   74      2            19.6525            27.1322            15.3203
   75      1           -22.6086           -17.1742           -17.7493
   75      2           -23.1940           -16.7066           -16.4038
   76      1           -38.9865            -7.2591            11.1450
   76      2           -38.1774            -8.3959            10.4933
   77      1           -55.6616           -22.6325             1.6222
   77      2           -56.9461           -22.1167             0.9471
   78      1           -34.7950           -13.2745           -20.5924
   78      2           -36.1782           -12.7909           -21.0662
   79      1            47.0691             1.1673           -23.2325
   79      2            46.4011             0.1198           -24.1425
   80      1           -48.2319             0.9688            27.6582
   80      2           -49.5569             0.3623            28.1564
   81      1            35.7300           -56.8518           -56.6638
   81      2            34.9564           -57.2373           -55.3893
   82      1            12.6094            12.8274           -58.6321
   82      2            11.9630            11.5316           -59.1562
   83      1           -52.5159           -34.9619            24.9221
   83      2           -53.6346           -34.8480            25.9744
   84      1            15.3281            41.9592            44.1393
   84      2            15.5829            40.9872            45.3063
   85      1           -10.1398           -53.0701            42.5592
   85      2           -11.5558           -52.5882            42.1927
   86      1           -30.8551             8.2558           -56.1474
   86      2           -29.7298             8.9123           -55.3263
   87      1            -4.2296           -16.8029            58.5278
   87      2            -2.8831           -16.4284            57.8810
   88      1           -16.4292            20.2084            37.1477
   88      2           -17.3314            19.1814            37.8570
   89      1            31.1106            39.7034            55.2997
   89      2            32.4901            39.0877            55.5988
   90      1            20.4206            15.1356            63.1624
   90      2            20.9133            16.3138            64.0230
   91      1            15.2516           -50.0503           -57.8182
   91      2            14.6456           -51.4131           -57.4345
   92      1            28.4253           -59.3360            64.8440
   92      2            26.9707           -58.8306            64.8649
   93      1           -37.1105           -11.7643             0.6462
   93      2           -35.5783           -11.8215             0.7902
   94      1            34.8541            34.9686           -43.9138
   94      2            34.3863            36.4344           -43.9791
   95      1           -32.5457           -60.1506           -56.2500
   95      2           -33.9753           -60.4400           -55.7560
   96      1            56.9883            62.9101            55.0411
   96      2            58.4692            62.6213            54.7328
   97      1            -5.2924           -34.3507           -14.2345
   97      2            -5.7136           -33.2979           -13.1925
   98      1            -5.0534             2.1538           -44.4395
   98      2            -4.5683             2.1116           -45.9005
   99      1            28.7703            64.7909            61.8873
   99      2            29.5108            64.2860            63.1396
  100      1           -20.5567            22.5113           -18.8588
  100      2           -21.5851            21.7079           -19.6764
  101      1            -3.6215            23.5484           -42.2304
  101      2            -3.5171            25.0799           -42.3540
  102      1            45.4849           -43.6955             6.9232
  102      2            45.4421           -42.7885             8.1671
  103      1            45.6522            46.6789           -41.0171
  103      2            46.8824            45.8150           -41.3517
  104      1           -45.8417           -43.4744            42.7879
  104      2           -46.0071           -45.0015            42.8977
  105      1           -64.9515            28.4439             5.2224
  105      2           -64.3504            27.3007             4.3837
  106      1           -21.0126            23.7682            65.2163
  106      2           -21.1147            25.2244            64.7259
  107      1           -65.2093           -18.9471            21.2266
  107      2           -63.9096           -19.5255            20.6370
  108      1            35.8292            32.8737           -34.7101
  108      2            36.2805            33.7413           -35.8997
  109      1           -57.9136            40.8810            28.3581
  109      2           -58.6892            40.1770            29.4869
  110      1            62.4531            27.7721             1.0032
  110      2            63.4368            27.4427             2.1413
  111      1           -37.9487           -45.5289            -7.0803
  111      2           -37.9607           -46.1547            -8.4874
  112      1            22.5769            -2.0363           -17.3273
  112      2            23.6145            -1.0479           -17.8912
  113      1            26.1917            38.1902           -13.8313
  113      2            27.5523            37.6900           -13.3116
  114      1           -57.9562           -46.1438            65.5880
  114      2           -56.4292           -45.9487            65.5466
  115      1            41.4270            47.4525           -57.0475
  115      2            41.6175            48.4536           -58.2022
  116      1           -46.7473           -45.4105            22.9750
  116      2           -45.2259           -45.2371            22.8110
  117      1           -40.8494            33.7080           -33.1302
  117      2           -39.4452            33.3808           -33.6714
  118      1             0.6179           -40.3846            13.2656
  118      2            -0.9206           -40.3519            13.3251
  119      1             9.8020            14.9753           -17.4056
  119      2             8.3108            15.2119           -17.1020
  120      1             2.0155            21.9136            20.3370
  120      2             2.6937            21.7333            21.7079
  121      1             2.1183           -45.4479           -56.4272
  121      2             0.6025           -45.6350           -56.2291
  122      1           -45.8126           -36.1754            11.1091
  122      2           -44.5194           -36.9579            10.8143
  123      1           -10.8679           -39.5196           -48.6498
  123      2            -9.8209           -40.5094           -48.1059
  124      1            13.8329           -52.4549            46.7567
  124      2            14.0657           -51.1857            47.5972
  125      1            44.8815           -43.3486           -21.2446
  125      2            46.4108           -43.1973           -21.3446
  126      1           -32.4019            21.1107            38.4935
  126      2           -31.2504            20.2728            39.0796
  127      1            32.6514            44.0895           -25.7787
  127      2            33.1113            43.5012           -27.1256
  128      1           -30.3003            39.2294            23.7433
  128      2           -30.8554            40.6635            23.8271
  129      1           -53.9195            48.3905            26.6273
  129      2           -54.1275            48.2692            28.1483
  130      1           -45.9674            65.1569            20.2793
  130      2           -46.8622            65.8383            21.3313
  131      1            64.3119             7.5517            62.8029
  131      2            63.0498             6.7318            63.1289
  132      1             5.5042           -29.8054            38.6265
  132      2             5.2842           -30.9310            37.5987
  133      1            54.1679            55.6829            22.3378
  133      2            54.0396            54.6836            23.5025
  134      1             0.2915           -19.4534             2.9148
  134      2             1.5437           -19.5414             2.0228
  135      1           -38.9073            -3.7087             3.6280
  135      2           -38.9391            -2.6675             4.7622
  136      1           -46.7691           -36.7625           -47.2139
  136      2           -46.6064           -37.7560           -46.0486
  137      1             1.0163            42.4238           -37.5336
  137      2             2.5327            42.5187           -37.2826
  138      1            -5.3387           -38.1844             0.1949
  138      2            -6.2056           -38.8834             1.2586
  139      1           -66.0185           -40.6917           -32.4272
  139      2           -64.8092           -40.3994           -33.3349
  140      1           -16.8420           -16.8535            28.7594
  140      2           -18.1663           -16.0728            28.8500
  141      1            34.5975            47.0283           -42.4989
  141      2            36.0377            47.1395           -41.9651
  142      1            62.5063            28.9775            24.5685
  142      2            62.1466            30.4213            24.9658
  143      1             3.4366            -2.4823             0.8010
  143      2             3.1033            -1.7916             2.1364
  144      1             4.8552            16.0730            63.5268
  144      2             5.4365            16.2283            62.1092
  145      1           -12.7935            40.5662           -47.7602
  145      2           -12.4363            40.4398           -46.2676
  146      1           -20.8031            29.4403           -32.9917
  146      2           -20.5696            30.9601           -32.9068
  147      1            51.7966             3.9046            20.6864
  147      2            51.6142             4.0081            19.1608
  148      1           -43.7481           -64.6257             0.1432
  148      2           -44.2310           -65.9769             0.7025
  149      1            59.5811            27.5860            53.4879
  149      2            58.1627            28.0960            53.8039
  150      1            38.4095            60.2636           -47.1374
  150      2            37.3786            60.1528           -48.2760
  151      1            62.0171            22.1831           -46.2678
  151      2            62.4887            23.6435           -46.1396
  152      1           -28.4186             6.1986           -19.7303
  152      2           -27.0110             6.4077           -19.1417
  153      1            42.1144           -49.7341           -64.8841
  153      2            43.0066           -49.5961           -66.1317
  154      1           -29.3777            53.1044            26.6298
  154      2           -28.1807            52.8704            25.6896
  155      1           -37.8993           -58.8716            58.5928
  155      2           -36.6840           -59.6539            59.1245
  156      1           -11.0706           -25.2150           -54.6215
  156      2           -10.9821           -23.6810           -54.7250
  157      1           -50.4782            -2.5209           -33.0133
  157      2           -51.8093            -2.3844           -32.2509
  158      1           -23.5981           -19.4704            58.8516
  158      2           -25.0343           -19.1424            58.4029
  159      1            29.9454            54.6039            32.5403
  159      2            28.6571            54.3170            33.3338
  160      1           -18.5973             7.9846            54.0910
  160      2           -17.1758             8.5218            53.8413
  161      1           -50.6566            49.7660           -29.5432
  161      2           -51.3140            48.9519           -28.4133
  162      1            58.9152           -40.1734            35.7230
  162      2            59.7167           -41.3959            36.2074
  163      1            46.3701            16.0234             4.5904
  163      2            47.7942            16.0134             5.1765
  164      1            25.2064            58.8483            36.5415
  164      2            25.8762            60.2292            36.4152
  165      1           -30.9447           -20.5431           -27.5053
  165      2           -31.8231           -19.8709           -26.4338
  166      1           -21.0201            55.7309           -37.6726
  166      2           -21.9504            55.8429           -38.8947
  167      1            59.0855            61.9183            27.6737
  167      2            60.5162            62.0910            28.2167
  168      1           -15.3304            65.3378            15.7255
  168      2           -14.0268            65.5573            16.5156
  169      1           -18.9980           -21.0151             9.3439
  169      2           -19.6741           -19.9035             8.5201
  170      1            11.6064           -60.6686           -46.7965
  170      2            12.0956           -61.3602           -48.0826
  171      1            -0.9403             1.6607           -49.6989
  171      2            -2.3809             2.1524           -49.9320
  172      1            52.8092            43.0637           -17.4377
  172      2            51.9660            43.1950           -16.1557
  173      1           -57.5305            55.6449            27.4507
  173      2           -56.1175            55.2060            27.8778
  174      1            14.6260           -16.8578            49.7343
  174      2            15.1169           -17.9960            50.6482
  175      1           -12.6227            61.8720           -22.6813
  175      2           -12.6662            60.3344           -22.6066
  176      1           -16.1279           -34.8880            64.6361
  176      2           -16.9673           -34.5406            65.8796
  177      1            -9.8165            -4.4724           -59.6353
  177      2           -11.2955            -4.4049           -59.2115
  178      1            -8.5045            60.2194            41.5350
  178      2            -7.4037            59.4654            42.3040
  179      1            31.6410           -54.4840           -65.1840
  179      2            30.3334           -53.8494           -65.6929
  180      1            60.1005            14.3225            43.4789
  180      2            61.0500            13.2972            44.1259
  181      1            59.3170            24.0352           -23.1707
  181      2            59.8390            23.5416           -24.5328
  182      1           -16.7704            -4.5718           -29.4475
  182      2           -17.4762            -5.7766           -28.7979
  183      1            22.9650            23.7073           -33.8528
  183      2            23.7822            22.4157           -33.6638
  184      1            55.5212             7.2401           -11.7921
  184      2            56.4837             7.0038           -12.9708
  185      1            56.9401            48.2857            58.3003
  185      2            58.3406            47.7010            58.0391
  186      1            -6.4313            36.9057            13.0649
  186      2            -5.5533            38.0910            13.5074
  187      1           -19.0293           -39.7898           -43.4721
  187      2           -17.6907           -40.3897           -43.0031
  188      1            63.0410            60.5459           -29.7013
  188      2            63.6710            60.4790           -28.2976
  189      1           -40.4814            28.0573           -37.5325
  189      2           -39.9698            29.2367           -38.3803
  190      1           -54.6892            41.4012             1.8193
  190      2           -54.1278            40.5928             0.6348
  191      1            -9.8019            16.6274            54.7841
  191      2           -10.3283            16.7567            56.2255
  192      1            22.2403            62.4486           -15.5645
  192      2            22.0876            63.9229           -15.1465
  193      1           -14.3994           -55.8592            35.9327
  193      2           -13.0791           -55.6170            36.6875
  194      1           -46.7303            22.3428           -31.4123
  194      2           -45.2303            22.6809           -31.4977
  195      1            26.8450            25.3463           -60.0083
  195      2            27.6772            24.1087           -60.3925
  196      1            30.5386            10.8452            33.2800
  196      2            31.4032             9.6199            33.6303
  197      1            17.0313           -17.2551            65.3629
  197      2            18.4631           -16.7178            65.5440
  198      1           -47.8490           -63.3105           -57.5558
  198      2           -46.5424           -63.4466           -56.7522
  199      1           -54.7696           -13.1983            40.0882
  199      2           -54.7005           -13.5960            38.6020
  200      1             2.1582            62.4105           -30.8526
  200      2             2.2815            62.0762           -32.3508
  201      1            13.7893           -57.9241            56.6564
  201      2            14.7742           -57.4023            57.7192
  202      1           -58.1710            27.3826           -15.6738
  202      2           -59.1766            27.7334           -14.5615
  203      1           -44.0085           -16.9079           -11.2479
  203      2           -43.0351           -16.0281           -12.0541
  204      1           -49.6238           -15.5554            25.8480
  204      2           -48.6381           -16.2492            26.8065
  205      1             1.8120             4.9270           -17.4654
  205      2             2.6944             6.0552           -18.0314
  206      1           -51.0961            65.0307             3.0568
  206      2           -49.7834            65.5021             2.4039
  207      1             2.4422            63.9793            57.8893
  207      2             2.1178            62.4816            57.7367
  208      1            47.7810            53.7805            56.2118
  208      2            46.9317            54.2426            55.0132
  209      1            36.3868            -2.2361           -40.3922
  209      2            37.0329            -1.1267           -41.2427
  210      1           -46.5740           -23.8070            12.8488
  210      2           -47.4414           -24.0728            11.6044
  211      1           -11.7726            57.4950           -65.5771
  211      2           -13.0473            56.9832           -64.8808
  212      1            -7.9958           -22.7106           -35.1343
  212      2            -9.3752           -23.3273           -35.4319
  213      1           -63.9188            -1.0383            -1.6174
  213      2           -62.8191            -1.9378            -1.0230
  214      1           -48.0544            61.6063            41.1840
  214      2           -47.0318            60.4676            41.0128
  215      1             2.4742             0.1217            34.2365
  215      2             1.1316             0.8704            34.1438
  216      1           -61.2072           -35.7796           -44.5308
  216      2           -60.0134           -36.7432           -44.3966
  217      1           -16.1182            50.9187            40.6059
  217      2           -14.5975            51.1239            40.7363
  218      1           -15.8710           -24.0671            25.8646
  218      2           -17.0449           -23.9294            24.8773
  219      1            29.1444           -35.6435             8.8544
  219      2            30.4868           -35.3034             8.1807
  220      1             9.6614            63.9732           -31.0056
  220      2             8.1455            64.1983           -30.8543
  221      1            -1.6788           -58.9591            -5.7189
  221      2            -2.1553           -57.7221            -4.9351
  222      1           -46.8994            59.3321           -22.7365
  222      2           -46.7200            57.8983           -22.2040
  223      1            54.8468            -7.0272             6.5866
  223      2            54.8105            -5.9356             5.5009
  224      1           -10.2051            57.4842            22.5423
  224      2            -9.3678            58.7767            22.5379
  225      1            58.5054            -1.9149           -37.7441
  225      2            58.1216            -0.4801           -37.3370
  226      1           -17.9386            56.3176           -47.4266
  226      2           -18.5264            56.7621           -48.7789
  227      1            10.3736           -29.6043           -32.9471
  227      2             9.1316           -29.1845           -32.1390
  228      1            24.1976            22.8201            12.5719
  228      2            25.3859            22.1316            13.2687
  229      1            50.6209            46.0576            54.1052
  229      2            50.2668            44.5718            54.3014
  230      1             1.5818            59.2321            18.2053
  230      2             0.4721            58.1751            18.0540
  231      1            22.6709            -8.1541            30.7157
  231      2            23.8081            -8.4985            31.6953
  232      1           -52.4081            59.9728            12.0449
  232      2           -52.5509            60.9775            13.2032
  233      1             4.8960           -10.9574           -62.1534
  233      2             4.4779           -10.6906           -60.6955
  234      1           -33.8164            13.2996             5.0575
  234      2           -34.0956            14.7866             5.3450
  235      1            -3.1466            24.2844           -17.4579
  235      2            -2.6416            25.0608           -18.6883
  236      1           -59.6453           -50.0436           -17.4536
  236      2           -60.2635           -51.4082           -17.0969
  237      1            50.2751           -15.4625            59.1072
  237      2            49.6679           -16.8768            59.0552
  238      1            37.6309            -9.2681            11.3120
  238      2            37.0944           -10.2929            12.3286
  239      1            48.8485           -52.4094           -18.2440
  239      2            48.7779           -53.7375           -17.4677
  240      1            62.2936            57.5212            51.6748
  240      2            61.8519            56.1956            51.0273
  241      1            14.5015             0.2716            21.5123
  241      2            13.5016             1.1052            22.3351
  242      1           -36.1595            11.9901             7.3009
  242      2           -35.6943            12.4839             8.6834
  243      1            45.1784           -22.6342           -51.5532
  243      2            45.6063           -21.6941           -50.4110
  244      1            52.2637            62.2393            -7.4652
  244      2            53.1522            62.8843            -8.5450
  245      1           -20.5629           -64.3914           -64.0485
  245      2           -20.4017           -62.8620           -63.9684
  246      1           -29.8523           -50.1141           -60.2443
  246      2           -29.7242           -48.8986           -59.3074
  247      1             9.1147           -40.7089            45.2239
  247      2             7.9501           -41.2185            46.0932
  248      1            57.3732             4.2630           -49.3020
  248      2            57.6414             5.2072           -50.4887
  249      1            -7.7887             7.6537           -60.3682
  249      2            -8.0803             9.1588           -60.5138
  250      1            -0.6587            27.1670            53.5480
  250      2             0.4859            28.0686            53.0495
  251      1            -1.9337            21.0670           -65.2460
  251      2            -3.3302            21.0346           -65.8942
  252      1           -16.1215           -49.7793           -28.9551
  252      2           -16.4174           -48.3629           -29.4822
  253      1           -45.0670             7.6580            38.3043
  253      2           -43.6804             8.2415            38.6337
  254      1            40.1980           -16.3684            41.4939
  254      2            39.9820           -14.9103            41.9397
  255      1            27.5027            11.1804             3.0697
  255      2            27.2455            11.5264             1.5913
  256      1            50.8932            14.1456            54.7857
  256      2            51.4633            13.5289            53.4949

