Propane      200
    1      1            13.6965            -0.5125            -0.8540
    1      2            13.0800             0.5753            -1.7531
    1      3            13.8542             0.9473            -3.0313
    2      1            10.7378             1.4312             2.4479
    2      2             9.6160             2.4861             2.4340
    2      3             9.1480             2.9131             1.0304
    3      1            -4.1091             3.9826           -10.2662
    3      2            -3.8804             4.9738           -11.4224
    3      3            -2.6963             4.7139           -12.3721
    4      1            10.2088            -7.4796            -1.8471
    4      2            10.4042            -7.0177            -0.3911
    4      3             9.6074            -7.8892             0.5974
    5      1             0.5079            -1.3383            -9.2353
    5      2            -0.2652            -2.1957            -8.2160
    5      3            -0.0156            -1.7812            -6.7540
    6      1             2.3831            12.2997            12.3479
    6      2             2.2325            10.7903            12.6135
    6      3             3.2451             9.8872            11.8851
    7      1            -6.0990           -12.8483             1.0244
    7      2            -5.7211           -13.8364             2.1435
    7      3            -6.8752           -14.6982             2.6885
    8      1            -6.8971            -7.2233            -4.9616
    8      2            -5.8011            -6.6888            -4.0210
    8      3            -5.4456            -7.6473            -2.8693
    9      1           -13.2044            -2.2307             6.3540
    9      2           -12.7525            -0.8851             6.9513
    9      3           -13.8142             0.2271             6.8656
   10      1            -2.6157            -5.6131            -2.0778
   10      2            -1.5101            -6.2583            -1.2215
   10      3            -0.1602            -6.1337            -1.9522
   11      1           -12.4364            -3.3316             2.0636
   11      2           -13.7485            -2.5940             1.7385
   11      3           -13.9414            -2.5532             0.2112
   12      1             1.5151            12.0631             0.6951
   12      2             1.5318            11.3225             2.0452
   12      3             2.1814            12.1266             3.1868
   13      1            13.3819            10.7814            -3.6850
   13      2            12.8470             9.9843            -2.4808
   13      3            11.3782             9.5529            -2.6484
   14      1            11.4583            -7.0019           -12.1290
   14      2            11.5784            -5.7337           -12.9943
   14      3            12.6435            -5.7621           -14.1062
   15      1             9.2606            11.9634             1.3637
   15      2             9.1556            11.0664             2.6111
   15      3             7.7059            10.8780             3.0954
   16      1            -7.5226             6.7483            -9.9921
   16      2            -8.3403             5.5380            -9.5042
   16      3            -8.1137             5.3236            -7.9961
   17      1             7.1422            -6.9013            11.6037
   17      2             7.2071            -7.7212            12.9057
   17      3             6.2205            -8.8871            13.1034
   18      1            -0.4961            -0.3759            -2.0559
   18      2             0.5141            -1.5382            -2.0709
   18      3             0.0720            -2.7382            -2.9288
   19      1            -0.4286            -4.3081           -15.8903
   19      2             0.2652            -4.4871           -14.5271
   19      3             1.7047            -5.0340           -14.5489
   20      1             7.3727            -5.5553           -12.5512
   20      2             6.2767            -6.5464           -12.9851
   20      3             5.7215            -6.0454           -14.3314
   21      1            -9.8342             7.4743             3.9291
   21      2           -10.5254             6.3573             3.1253
   21      3           -11.8987             6.7880             2.5777
   22      1            16.1839            11.0898            -8.4052
   22      2            14.7744            11.5617            -8.0024
   22      3            13.6427            10.5687            -8.3262
   23      1            -5.2909             5.6694            10.9197
   23      2            -6.6961             5.8449            10.3145
   23      3            -6.9958             4.8842             9.1488
   24      1            13.9336             8.1037           -11.1852
   24      2            13.5742             7.5121           -12.5609
   24      3            12.1046             7.6005           -13.0125
   25      1            -1.9585            13.0461           -11.1136
   25      2            -1.0804            12.5677            -9.9425
   25      3            -1.9422            12.0317            -8.7842
   26      1            -0.0710             9.6934           -13.0062
   26      2            -0.3856            10.5130           -14.2715
   26      3            -0.2552            12.0454           -14.1917
   27      1             3.1293             6.5821             9.7381
   27      2             3.1464             7.6811             8.6594
   27      3             1.9140             7.6454             7.7367
   28      1            -0.7598            -8.7338            -5.6633
   28      2             0.3053            -9.7544            -5.2213
   28      3             1.6164            -9.6796            -6.0257
   29      1            -6.9824             2.3906            -5.2249
   29      2            -7.5049             2.8550            -3.8527
   29      3            -8.4398             1.7094            -3.4224
   30      1           -11.9733            -3.0330            -5.3503
   30      2           -12.5083            -2.3544            -4.0756
   30      3           -13.7764            -1.4965            -4.2416
   31      1            11.6547            -3.3166             1.6209
   31      2            11.5923            -2.2886             2.7659
   31      3            12.9394            -1.6308             3.1181
   32      1             5.4718            -3.6358            12.3605
   32      2             3.9439            -3.7573            12.2113
   32      3             3.0617            -2.5282            12.4989
   33      1             8.4021           -10.6739           -11.9304
   33      2             8.8323           -10.8891           -13.3934
   33      3            10.3532           -10.8853           -13.6348
   34      1            -7.9093            -3.5927            -0.1747
   34      2            -7.7463            -3.6539            -1.7048
   34      3            -7.6925            -2.3145            -2.4629
   35      1           -11.4188           -13.0097           -14.1283
   35      2           -12.4674           -14.0934           -14.4407
   35      3           -13.0328           -13.9407           -15.8650
   36      1             4.8686            -2.1753            -3.8141
   36      2             4.3646            -1.4112            -2.5757
   36      3             5.1791            -0.1526            -2.2231
   37      1            11.9730            -6.6891             8.0845
   37      2            11.7770            -5.3268             8.7753
   37      3            13.0412            -4.4675             8.5884
   38      1           -12.5767           -14.1913             6.0868
   38      2           -12.3886           -15.2297             7.2084
   38      3           -13.0805           -14.6881             8.4731
   39      1            -3.5196            -8.0328            13.0929
   39      2            -3.6532            -6.4988            13.0713
   39      3            -5.0524            -5.8911            12.8597
   40      1           -14.8541             3.2899            -8.0387
   40      2           -14.3522             4.4012            -8.9793
   40      3           -13.0167             4.9925            -8.4910
   41      1             8.5782           -15.0260             4.1206
   41      2             9.7360           -15.0189             5.1361
   41      3             9.5235           -16.0750             6.2367
   42      1            -0.8874             5.7177            12.2699
   42      2            -0.5166             5.0142            13.5887
   42      3            -0.8651             3.5176            13.4863
   43      1             8.1052            -4.5168             7.4752
   43      2             7.8575            -4.2648             5.9763
   43      3             9.0471            -4.4926             5.0251
   44      1            -2.3093           -11.2391            12.6225
   44      2            -0.7921           -11.5029            12.6319
   44      3            -0.3680           -12.7353            13.4523
   45      1           -13.2838           -10.7760             1.6976
   45      2           -12.9371           -12.2268             1.3145
   45      3           -14.1770           -13.1361             1.2285
   46      1            -3.8984             4.1305            -6.0923
   46      2            -2.7153             4.2496            -5.1136
   46      3            -3.0406             3.9751            -3.6336
   47      1            13.5070             3.6811            13.9002
   47      2            14.9458             3.6123            14.4449
   47      3            15.3037             2.2135            14.9806
   48      1           -10.5538            -9.8884             6.2821
   48      2           -10.0067           -10.9568             5.3173
   48      3           -10.3428           -10.4903             3.8887
   49      1            14.0093            16.0322             4.4927
   49      2            14.2572            14.5379             4.2151
   49      3            12.9833            13.8238             3.7262
   50      1             6.3415             3.6891            -2.8940
   50      2             7.5355             3.3760            -3.8147
   50      3             8.7747             4.1990            -3.4161
   51      1            -2.4361             0.0985            10.3682
   51      2            -2.2259            -0.7376            11.6443
   51      3            -0.8465            -0.4961            12.2850
   52      1            -7.2774            14.3555            -7.9160
   52      2            -6.1005            13.3762            -8.0821
   52      3            -4.9347            13.4213            -7.0768
   53      1             9.4694            -3.7106            14.4390
   53      2            10.0094            -4.1737            13.0732
   53      3            10.2659            -5.6882            12.9630
   54      1             6.0198             1.3439            -8.7587
   54      2             6.6725             0.8538            -7.4527
   54      3             6.4683            -0.6487            -7.1837
   55      1            -3.4219            13.5176             0.7736
   55      2            -2.2916            13.9572            -0.1754
   55      3            -1.8871            12.7349            -1.0204
   56      1           -10.4443            -5.9855             4.0725
   56      2           -10.1620            -6.6593             2.7168
   56      3            -8.8896            -6.2318             1.9619
   57      1           -14.8523             7.3053            13.0461
   57      2           -15.4176             6.7911            11.7091
   57      3           -14.6149             7.3182            10.5051
   58      1             3.5035            -3.2036           -10.8466
   58      2             3.7498            -4.6937           -11.1473
   58      3             3.1044            -5.7690           -10.2535
   59      1            -4.7194             7.1133            14.5801
   59      2            -3.3784             7.8644            14.6775
   59      3            -3.1647             8.8104            13.4813
   60      1            -4.2740            -1.1480            -3.1310
   60      2            -3.7003             0.1421            -3.7456
   60      3            -3.1635            -0.1328            -5.1626
   61      1            12.9254             3.7552             9.3273
   61      2            11.9558             4.8885             8.9440
   61      3            11.2408             5.5275            10.1490
   62      1            -7.5461             0.3336            11.4664
   62      2            -6.3040            -0.5547            11.2674
   62      3            -6.1663            -1.8479            12.0922
   63      1             4.5598            -1.5936             7.5386
   63      2             3.0431            -1.8571             7.4981
   63      3             2.5254            -2.1008             6.0683
   64      1            -5.5880            -4.8745           -11.2093
   64      2            -5.4001            -5.3948           -12.6466
   64      3            -5.5202            -6.9264           -12.7535
   65      1             9.3539            -7.5756            -7.1913
   65      2            10.2634            -7.7171            -8.4259
   65      3            11.4749            -8.6231            -8.1381
   66      1             4.4131            -6.6428            -2.4313
   66      2             5.4115            -5.5006            -2.1660
   66      3             6.3951            -5.7978            -1.0189
   67      1             5.8642             8.5825             0.6732
   67      2             6.4176             7.8926            -0.5875
   67      3             7.8382             8.3055            -1.0152
   68      1           -10.4994            12.0057             3.3413
   68      2           -11.4706            11.7406             2.1759
   68      3           -12.8568            12.4044             2.2731
   69      1           -10.6614            -7.0095            -5.5402
   69      2           -10.8446            -7.6979            -6.9055
   69      3            -9.7100            -8.6859            -7.2343
   70      1             7.7954            13.2911            11.2765
   70      2             6.3071            13.2717            10.8814
   70      3             6.0168            14.0828             9.6049
   71      1             4.6004            12.1246            -1.1447
   71      2             5.1928            12.5256            -2.5085
   71      3             5.6885            11.3484            -3.3687
   72      1           -12.6776             8.8804            -2.0968
   72      2           -11.9363            10.2262            -1.9922
   72      3           -10.4538            10.1818            -1.5775
   73      1            -8.9611            13.5871            12.5560
   73      2            -7.9738            13.7556            13.7258
   73      3            -8.4455            12.9961            14.9798
   74      1           -11.4219            10.5800            10.9958
   74      2           -10.2730             9.5614            10.8774
   74      3            -8.9020            10.2093            10.6087
   75      1            13.9559            13.0065             7.6591
   75      2            12.6822            13.0590             8.5230
   75      3            12.4263            14.4420             9.1504
   76      1           -13.4892            -8.9578           -13.6330
   76      2           -14.5155            -9.7159           -12.7707
   76      3           -15.9238            -9.7316           -13.3938
   77      1            -7.4951            -3.2138             3.3983
   77      2            -8.0128            -2.0314             4.2382
   77      3            -9.5498            -2.0922             4.3143
   78      1            -1.2401            11.3508            11.0044
   78      2            -2.2451            11.0670             9.8726
   78      3            -1.8190            11.7929             8.5830
   79      1            -8.3543            13.4398           -11.3167
   79      2            -9.8109            13.5966           -10.8420
   79      3           -10.4502            14.9277           -11.2792
   80      1            -1.0920            -4.0986             7.9830
   80      2             0.1601            -4.3853             8.8326
   80      3             0.2323            -3.5330            10.1132
   81      1            -6.4848           -10.0318            10.7844
   81      2            -7.9573            -9.5932            10.8885
   81      3            -8.2892            -8.9133             9.5471
   82      1            14.6425            -5.3529            -3.8443
   82      2            13.1589            -5.0057            -4.0677
   82      3            13.0194            -3.4726            -4.0244
   83      1             4.4751             6.1295             5.0041
   83      2             3.0810             6.4538             4.4360
   83      3             2.9217             7.6153             3.4374
   84      1            -1.9232             5.0802             8.1086
   84      2            -1.7616             6.6106             8.0507
   84      3            -2.9571             7.5800             8.0000
   85      1             1.8754            -8.5860           -12.9566
   85      2             0.6644            -8.7026           -13.9008
   85      3            -0.7151            -9.0615           -13.3180
   86      1             9.9727            12.0109           -11.5397
   86      2             9.5789            12.7692           -12.8209
   86      3            10.4332            12.3964           -14.0468
   87      1            -8.6550            -2.5622            15.1213
   87      2            -8.7561            -1.3389            16.0513
   87      3            -9.0675            -0.0439            15.2783
   88      1             7.6769             5.8875             3.4102
   88      2             9.0279             5.8990             4.1492
   88      3             9.2760             7.2438             4.8574
   89      1            -3.8363            -4.6300            -7.6122
   89      2            -3.4481            -4.3376            -6.1509
   89      3            -2.1527            -5.1133            -5.8480
   90      1            -4.2303             0.8626           -15.6164
   90      2            -5.2147             0.1483           -14.6718
   90      3            -4.8347            -1.2586           -14.1739
   91      1           -14.2212            -5.4259           -10.0995
   91      2           -14.8951            -4.3028            -9.2895
   91      3           -13.9867            -3.0618            -9.3687
   92      1             5.9354           -12.9341             6.5917
   92      2             5.3355           -11.5225             6.7301
   92      3             4.8833           -10.8181             5.4375
   93      1             3.7866           -11.6451            -9.3980
   93      2             3.2219           -11.0203           -10.6873
   93      3             2.9164           -12.1743           -11.6603
   94      1            -6.2849             0.9019             0.2245
   94      2            -5.2086            -0.0711             0.7406
   94      3            -3.7501             0.1773             0.3133
   95      1             4.0740           -12.6529            11.4063
   95      2             4.0542           -11.7589            10.1525
   95      3             2.8347           -10.8342            10.3239
   96      1             9.5880            -2.9861            -7.5768
   96      2             8.9301            -3.6820            -8.7828
   96      3             8.9484            -2.6606            -9.9353
   97      1             5.4711            11.9164             6.6674
   97      2             4.5395            11.1040             5.7489
   97      3             4.9683             9.6326             5.5979
   98      1             7.1319            -0.2562            10.8563
   98      2             8.1100            -1.3813            11.2427
   98      3             9.3769            -1.2795            10.3730
   99      1            14.4916            -5.6297             4.5514
   99      2            14.0658            -7.0916             4.3211
   99      3            12.5497            -7.1428             4.0558
  100      1            -3.4321           -10.0020            -9.6276
  100      2            -3.3569           -10.1896            -8.1010
  100      3            -3.2388           -11.6794            -7.7294
  101      1             3.4823           -13.8867             0.5842
  101      2             4.8589           -14.1793             1.2096
  101      3             4.7877           -15.0175             2.4996
  102      1             8.0221             8.7285             8.1423
  102      2             7.2597             7.3915             8.1932
  102      3             8.1314             6.2265             8.6976
  103      1            -9.0823           -10.3361            -1.9636
  103      2            -8.7837            -8.8737            -1.5843
  103      3            -7.9245            -8.9201            -0.3072
  104      1            -9.9618            -1.1564            -8.9592
  104      2           -10.6661             0.0738            -9.5611
  104      3           -10.1170             1.3550            -8.9064
  105      1            -1.5417            -5.9499           -11.8654
  105      2            -1.9259            -6.7184           -10.5874
  105      3            -0.7301            -7.0901            -9.6911
  106      1           -14.8956            -9.5678            -4.3095
  106      2           -13.7269            -8.8110            -3.6515
  106      3           -12.6380            -9.7678            -3.1314
  107      1           -12.0185           -11.3569             9.3658
  107      2           -11.9277           -11.6946            10.8656
  107      3           -10.6103           -12.3851            11.2648
  108      1            -4.4420           -11.6028            -3.3162
  108      2            -3.3416           -12.6397            -3.0238
  108      3            -2.0597           -12.0046            -2.4538
  109      1            12.4774             5.8801            -4.7205
  109      2            11.8953             6.8927            -5.7242
  109      3            10.4102             7.1702            -5.4255
  110      1             3.0843             4.8947            14.8517
  110      2             4.2122             5.9274            14.6704
  110      3             4.6393             6.2353            13.2232
  111      1            -6.0343             4.4085             5.1668
  111      2            -6.5818             3.0809             4.6103
  111      3            -5.5153             2.0195             4.2821
  112      1            -1.5776            13.5860             4.1678
  112      2            -2.7751            13.7411             5.1236
  112      3            -2.9590            15.2138             5.5345
  113      1            -4.2817            15.6293            10.3807
  113      2            -4.3473            15.3135            11.8865
  113      3            -3.9568            13.9191            12.4108
  114      1            15.0182             4.5987            -0.8676
  114      2            13.7846             4.0836            -0.1030
  114      3            12.4337             4.5370            -0.6871
  115      1            11.5344             7.4679             1.5068
  115      2            12.0665             8.5030             2.5153
  115      3            13.5174             8.9970             2.3652
  116      1            -2.2705             4.7649             4.0254
  116      2            -2.9921             4.9070             2.6724
  116      3            -2.1576             4.7348             1.3896
  117      1            -5.1738            -8.6963             5.2759
  117      2            -5.2237           -10.2330             5.1896
  117      3            -5.1068           -10.8735             6.5852
  118      1            -9.5593             4.9544            -0.8731
  118      2            -9.2647             6.4361            -1.1723
  118      3            -7.7496             6.7114            -1.1548
  119      1            -6.5952            13.4810             6.0753
  119      2            -7.1842            14.4561             7.1116
  119      3            -7.1841            13.9086             8.5510
  120      1             5.6337             1.4153             3.2314
  120      2             6.4824             0.1361             3.1090
  120      3             6.3963            -0.6264             4.4442
  121      1            12.7919           -14.3482            15.0487
  121      2            11.9664           -14.0937            13.7738
  121      3            10.4760           -13.8267            14.0550
  122      1             7.2381            10.9448            -7.4165
  122      2             8.2549            10.7819            -8.5615
  122      3             8.2150             9.3259            -9.0617
  123      1            -1.2457             8.3940            -8.9533
  123      2             0.0397             7.5712            -9.1593
  123      3             0.1313             6.2816            -8.3225
  124      1            10.5610             9.5663            12.5302
  124      2             9.7480             8.8739            13.6398
  124      3             8.2195             9.0048            13.5055
  125      1           -13.6641            -6.2265             7.6597
  125      2           -13.7234            -7.4091             8.6444
  125      3           -12.2694            -7.7173             9.0477
  126      1            -0.9189            -2.7124             1.7440
  126      2             0.6107            -2.5976             1.6070
  126      3             1.1479            -1.1573             1.6991
  127      1             6.7127           -15.0116            -6.3573
  127      2             5.3312           -15.1417            -5.6894
  127      3             4.4468           -13.9050            -5.9348
  128      1             3.2314             6.4363            -3.1648
  128      2             2.9654             7.8962            -3.5765
  128      3             1.5248             8.4002            -3.3709
  129      1            11.8171           -12.5349             0.0806
  129      2            10.4062           -12.0960             0.5148
  129      3             9.3911           -13.2527             0.4589
  130      1             3.3651             9.6728            -7.5111
  130      2             2.1784            10.6518            -7.5805
  130      3             2.2714            11.8202            -6.5816
  131      1            -6.3958            -0.4267             7.5312
  131      2            -4.9964            -0.9554             7.1658
  131      3            -5.0936            -2.1794             6.2363
  132      1            -0.5385             1.2402             5.2729
  132      2            -0.4022            -0.2481             4.9012
  132      3            -1.5126            -1.1177             5.5195
  133      1            13.0021             4.3326             5.1935
  133      2            14.2727             3.4628             5.1685
  133      3            15.4326             3.8923             6.0860
  134      1           -12.4469             5.8595            -5.0807
  134      2           -11.9290             4.5848            -4.3888
  134      3           -11.4190             3.6483            -5.4998
  135      1           -13.6776            -7.1540             0.4880
  135      2           -15.0127            -7.1757            -0.2792
  135      3           -15.8963            -5.9791             0.1194
  136      1             5.4901             5.4325            -8.7236
  136      2             6.1276             5.3572            -7.3238
  136      3             5.6286             6.4641            -6.3765
  137      1           -14.8764           -15.0360            -3.8314
  137      2           -14.0869           -13.7493            -3.5270
  137      3           -13.1142           -13.8285            -2.3357
  138      1            13.7883            -1.0057            10.0968
  138      2            14.1438            -0.8437            11.5864
  138      3            13.2308            -1.6112            12.5605
  139      1            -0.2918           -12.5890             2.1898
  139      2             0.9664           -11.7136             2.0408
  139      3             1.5117           -11.3671             3.4387
  140      1             0.1415           -12.0625             6.9472
  140      2            -0.3733           -11.5667             8.3113
  140      3            -1.3484           -12.5588             8.9722
  141      1            10.3089             0.6385            -8.2934
  141      2            10.8627             1.0929            -6.9302
  141      3            11.1628             2.5973            -6.7953
  142      1           -11.1568            -6.7616           -11.8985
  142      2            -9.8235            -6.2180           -12.4449
  142      3            -9.7208            -4.7130           -12.1348
  143      1             1.5163           -15.0156            -2.2557
  143      2             0.8774           -15.4343            -3.5928
  143      3             0.1841           -14.3307            -4.4132
  144      1            -4.2451            -0.0902            -9.3657
  144      2            -5.7421             0.0773            -9.0453
  144      3            -6.5717            -0.5150           -10.1997
  145      1            -4.9007             7.9682            -3.2514
  145      2            -6.0052             8.7710            -3.9636
  145      3            -5.4073             9.5282            -5.1640
  146      1            11.6468             0.9224             7.3022
  146      2            10.9055            -0.2121             6.5709
  146      3             9.3785            -0.0802             6.7216
  147      1             8.5766           -12.7539             9.3704
  147      2             8.9528           -12.5748            10.8529
  147      3             8.3212           -11.3174            11.4787
  148      1            -7.0313           -10.6375            -9.3193
  148      2            -7.7087           -11.9441            -9.7726
  148      3            -8.6295           -11.8088           -10.9995
  149      1            -2.3854            -9.6811             2.4300
  149      2            -2.6067            -9.9801             0.9356
  149      3            -3.7183            -9.0893             0.3503
  150      1            -5.1505           -14.1049           -13.8552
  150      2            -5.2025           -12.5700           -13.7409
  150      3            -4.1336           -12.0163           -12.7805
  151      1            -6.8200             8.3237             6.7829
  151      2            -7.3032             9.7520             7.0960
  151      3            -8.6282            10.0938             6.3894
  152      1           -12.5219           -12.5011           -10.2651
  152      2           -13.5354           -11.5234            -9.6417
  152      3           -14.2532           -12.1102            -8.4120
  153      1            13.1662            -9.8838            11.7266
  153      2            13.1067           -10.9341            10.6019
  153      3            13.9462           -12.1897            10.9026
  154      1             2.7351             1.4615            -6.3701
  154      2             1.8661             2.2039            -5.3380
  154      3             0.4561             1.6062            -5.1764
  155      1            -7.8016            -3.7308            -8.0209
  155      2            -7.7520            -3.7123            -6.4818
  155      3            -7.8731            -2.2856            -5.9146
  156      1            13.2125             7.7080             6.1901
  156      2            12.6962             8.6644             7.2810
  156      3            11.4184             8.1803             7.9913
  157      1             2.4749            14.3198             6.7853
  157      2             2.5748            14.7997             8.2452
  157      3             1.7791            13.9211             9.2285
  158      1            -7.5551             4.7700           -13.8533
  158      2            -7.5185             3.3584           -13.2387
  158      3            -8.8987             2.9033           -12.7292
  159      1             8.5628             5.5602           -12.9663
  159      2             9.4660             5.0575           -11.8247
  159      3             9.2253             3.5669           -11.5220
  160      1           -14.4315            14.3883           -11.2677
  160      2           -14.6937            13.1719           -12.1751
  160      3           -13.4047            12.3954           -12.5022
  161      1             3.7826            -6.3113            -6.4666
  161      2             5.2795            -6.0751            -6.1930
  161      3             5.9347            -4.7363            -6.5802
  162      1             1.3240             8.2215             0.3693
  162      2            -0.1037             7.7013             0.6197
  162      3            -1.1870             8.3715            -0.2457
  163      1             4.3976           -10.8954            -2.2807
  163      2             5.8850           -10.9986            -2.6660
  163      3             6.7686           -10.0267            -1.8620
  164      1             8.5034            -9.0838             7.0522
  164      2             7.8275            -8.0863             8.0113
  164      3             6.3011            -8.2848             8.0579
  165      1            -6.8849            10.1265             2.1874
  165      2            -6.2981             9.7162             0.8240
  165      3            -5.0150            10.5309             0.5759
  166      1            10.4551            13.6658            -4.2138
  166      2             9.2688            13.5285            -3.2416
  166      3             9.5580            13.8707            -1.7682
  167      1             7.5507            -0.2404           -12.7762
  167      2             6.7195             0.7022           -13.6663
  167      3             6.5112             0.1881           -15.1030
  168      1             2.9451             3.7408            -1.2053
  168      2             1.6676             4.0505            -0.4030
  168      3             1.1703             2.9069             0.5005
  169      1            11.8861             1.5489           -12.2981
  169      2            11.9843             0.4482           -13.3707
  169      3            12.8580            -0.8023           -13.1598
  170      1            -9.2311            -4.6974             9.8904
  170      2            -8.2933            -4.5327             8.6799
  170      3            -7.9288            -5.8700             8.0089
  171      1             0.5734            -6.8955             2.8694
  171      2             1.7223            -7.0341             1.8532
  171      3             1.4693            -7.9652             0.6529
  172      1           -10.3599             2.4500            10.0940
  172      2           -11.5125             3.4115            10.4385
  172      3           -12.7854             3.0063             9.6722
  173      1             4.6823            -2.8287             0.9809
  173      2             5.4164            -3.9457             1.7458
  173      3             5.0399            -4.1690             3.2223
  174      1            -9.2685             8.6577            -4.9696
  174      2           -10.0156             8.8568            -6.3014
  174      3            -9.4450             9.9526            -7.2208
  175      1             4.3552             3.1877             7.4664
  175      2             5.7461             3.1438             6.8068
  175      3             6.9899             2.7653             7.6322
  176      1             8.3844             4.4064            13.5055
  176      2             8.4474             2.8677            13.4945
  176      3             9.5392             2.2831            12.5793
  177      1            10.5724           -11.0154            -5.3279
  177      2            10.9983           -11.9349            -4.1683
  177      3            12.3164           -11.5782            -3.4561
  178      1           -10.5570            15.9641            -6.7379
  178      2           -10.6649            16.7577            -5.4226
  178      3           -10.8154            18.2543            -5.7529
  179      1            -8.6287            13.7669            -1.8435
  179      2            -7.3070            13.3047            -2.4847
  179      3            -6.0675            14.1302            -2.0927
  180      1             2.9488             0.1991           -14.6544
  180      2             1.9892             0.8358           -13.6320
  180      3             2.6667             1.2380           -12.3088
  181      1           -12.6746            -4.4739            12.0337
  181      2           -13.2609            -5.1448            13.2898
  181      3           -14.1890            -6.3446            13.0243
  182      1             6.0112             8.4204           -12.3825
  182      2             4.9554             9.5250           -12.5737
  182      3             5.5533            10.9261           -12.3475
  183      1           -11.1149             1.3742             3.9563
  183      2           -10.3072             1.9463             5.1361
  183      3           -11.0321             3.1344             5.7953
  184      1             8.4527            -2.1652            -1.7800
  184      2             9.6616            -1.3480            -2.2722
  184      3             9.3821            -0.0036            -2.9693
  185      1            -2.4889            -7.2360             7.2991
  185      2            -3.3359            -7.2745             8.5846
  185      3            -2.7614            -8.2770             9.6027
  186      1            -4.8177            -5.1149             0.9885
  186      2            -4.6599            -5.9721             2.2581
  186      3            -3.2362            -6.1023             2.8306
  187      1             5.7384            -8.4432             2.6164
  187      2             5.5136            -9.6128             1.6402
  187      3             6.0598           -10.9724             2.1144
  188      1           -14.0478            10.6238             5.3813
  188      2           -13.3168            10.9323             6.7012
  188      3           -13.2769             9.8085             7.7533
  189      1            -8.3236            -9.8140            14.3965
  189      2            -9.0807            -8.4735            14.4345
  189      3           -10.5797            -8.4931            14.0820
  190      1            12.9033           -10.2465             6.6595
  190      2            13.9773           -11.2214             7.1769
  190      3            15.3688           -10.9391             6.5806
  191      1             2.6416            -7.0411            11.1420
  191      2             2.3762            -7.9394            12.3644
  191      3             0.9006            -8.3191            12.5882
  192      1             7.6131            14.7097           -10.2333
  192      2             6.2306            15.2338           -10.6641
  192      3             5.1080            14.3383           -10.1080
  193      1            12.5578           -14.2386            -8.6355
  193      2            11.4670           -13.3897            -9.3145
  193      3            11.1334           -13.7654           -10.7703
  194      1            14.9868            11.6339            13.7147
  194      2            14.3089            12.7862            12.9502
  194      3            15.1152            13.1653            11.6942
  195      1           -10.4442             5.9022            13.9574
  195      2           -11.7244             5.0850            14.2121
  195      3           -12.4561             5.5678            15.4782
  196      1            -9.7750             1.2373             0.1212
  196      2           -10.8369             0.3014            -0.4855
  196      3           -12.1729             1.0005            -0.7986
  197      1             2.3610             1.1672            10.8863
  197      2             1.3013             1.7064             9.9076
  197      3             1.0044             3.1970            10.1557
  198      1           -12.2732            -0.9278           -12.4779
  198      2           -12.5339            -2.4131           -12.7898
  198      3           -13.5336            -2.5569           -13.9523
  199      1             2.8490            -7.0173             6.0752
  199      2             1.7728            -8.1047             6.2508
  199      3             1.5846            -8.4983             7.7277
  200      1            -0.3637             9.8578             5.2010
  200      2            -1.6772            10.1696             4.4600
  200      3            -2.3104             9.1162             3.5321

