Water       64
    1      1            -3.7994             0.1244             3.6584
    1      2            -2.8763            -0.1253             3.9510
    1      3            -3.9967            -0.3037             2.7765
    2      1            -1.9352             4.8110            -1.2606
    2      2            -1.4038             5.5305            -0.8133
    2      3            -3.2667             5.2751            -1.1705
    3      1             4.2227            -4.0117            -2.2744
    3      2             4.1028            -3.0679            -2.5822
    3      3             4.6682            -4.6219            -3.2357
    4      1             4.1035            -0.3050             0.9663
    4      2             4.1350            -1.0037             1.6809
    4      3             3.2726             0.3386             1.1658
    5      1            -6.2868             5.4507            -5.1237
    5      2            -5.3841             5.6078            -5.5244
    5      3            -6.4320             6.5059            -4.2053
    6      1             4.0473            -0.7825            -3.4593
    6      2             4.9852            -1.0850            -3.2893
    6      3             3.4917            -0.7206            -2.2444
    7      1             1.5028            -5.4035             1.4764
    7      2             2.1417            -5.2483             2.2298
    7      3             0.5465            -4.4459             1.6477
    8      1            -4.2087            -4.2439             0.4428
    8      2            -4.7445            -5.0201             0.7749
    8      3            -5.0583            -3.5499            -0.3094
    9      1             1.7017            -5.8397            -1.5948
    9      2             0.8865            -6.0160            -1.0430
    9      3             2.2645            -6.7935            -1.6723
   10      1            -2.3907            -4.3254            -4.8793
   10      2            -1.5166            -3.8397            -4.8773
   10      3            -2.9411            -4.0163            -6.1126
   11      1            -3.0608            -5.8805             4.0486
   11      2            -3.3215            -5.2605             4.7886
   11      3            -3.0157            -5.2711             3.1033
   12      1            -2.7788             1.8354             0.7990
   12      2            -3.0160             2.7906             0.9764
   12      3            -2.2920             1.8491            -0.5021
   13      1             2.9481            -4.4451            -5.9454
   13      2             3.7307            -4.1051            -5.4239
   13      3             2.6899            -5.5073            -5.5044
   14      1            -0.0709            -0.0159             0.3459
   14      2            -0.1719            -0.0560             1.3399
   14      3            -0.1605            -1.0937            -0.0420
   15      1            -5.4112             0.2802            -4.1413
   15      2            -4.9532            -0.5902            -4.3225
   15      3            -6.2751            -0.0162            -3.0617
   16      1             2.0398             1.8712            -3.1119
   16      2             1.7813             1.0393            -3.6030
   16      3             0.9903             2.0548            -2.1920
   17      1             0.5108             0.6566             3.9640
   17      2             0.4081            -0.3378             3.9401
   17      3             1.4580             0.8783             4.6168
   18      1             1.0685             4.3831             2.7412
   18      2             1.9040             4.8919             2.5340
   18      3             0.4339             5.1564             3.6898
   19      1            -2.8960             3.4879            -4.3045
   19      2            -2.0564             3.9959            -4.1120
   19      3            -3.5338             4.1421            -4.9809
   20      1             4.9358             6.0416             4.3599
   20      2             5.8077             6.4373             4.0713
   20      3             4.2920             6.7841             4.5880
   21      1             5.3244             2.1620             5.1671
   21      2             5.9578             2.9133             5.3522
   21      3             4.4432             2.5397             4.8479
   22      1            -3.1195            -0.2055            -2.8479
   22      2            -3.5019             0.5659            -3.3567
   22      3            -2.5472             0.2132            -1.9882
   23      1            -2.2866            -1.7139            -0.0435
   23      2            -1.7571            -2.2395            -0.7094
   23      3            -3.3352            -2.5876             0.3128
   24      1            -4.0539             4.5176             1.9024
   24      2            -3.4625             5.3107             1.7572
   24      3            -3.5384             3.9280             3.0771
   25      1             5.6029             1.2982            -2.3083
   25      2             6.0128             2.2072            -2.2329
   25      3             5.1842             1.0330            -1.2557
   26      1             4.8829            -3.9688             3.0727
   26      2             4.3731            -4.2928             2.2758
   26      3             3.9510            -3.2064             3.7770
   27      1            -3.2778             3.2009             5.3801
   27      2            -2.4356             3.7353             5.3085
   27      3            -4.0939             3.8279             5.1142
   28      1            -5.0670            -1.0495             6.0354
   28      2            -4.9346            -0.1127             5.7117
   28      3            -6.0166            -1.3236             5.8835
   29      1            -0.3186             0.4363            -3.1814
   29      2             0.5696             0.3725            -3.6364
   29      3            -1.0895             1.0842            -4.0447
   30      1             3.0202             3.8709            -0.4292
   30      2             3.4528             4.2294             0.3981
   30      3             1.7853             3.3934             0.0206
   31      1            -4.9366            -1.4532            -0.9608
   31      2            -5.4042            -1.1154            -0.1439
   31      3            -4.7998            -0.3011            -1.7669
   32      1             4.8605             6.3443             0.2733
   32      2             5.5553             6.9761            -0.0702
   32      3             4.0133             7.0646             0.8550
   33      1             1.1995             1.1073            -5.7380
   33      2             2.1020             1.5055            -5.9018
   33      3             0.3192             2.2030            -5.8893
   34      1             3.6827             3.7852            -3.1737
   34      2             4.0412             2.9216            -2.8190
   34      3             3.0049             4.3022            -2.1697
   35      1            -0.5027            -3.3476            -1.3028
   35      2            -0.1635            -2.4594            -1.6129
   35      3            -1.4731            -3.4788            -1.6652
   36      1             1.0290            -5.3955             4.1568
   36      2             1.2598            -6.2704             4.5826
   36      3             1.5593            -4.5726             4.7771
   37      1            -1.5917             1.4716            -5.2324
   37      2            -0.6835             1.8901            -5.2356
   37      3            -2.1795             1.9446            -6.0770
   38      1            -0.2572            -1.4138            -6.3327
   38      2             0.2989            -0.6884            -6.7383
   38      3            -0.2964            -2.2196            -7.0058
   39      1            -4.5091            -4.1875             6.0926
   39      2            -3.8439            -3.4413             6.0679
   39      3            -5.6400            -3.6262             6.0879
   40      1            -0.3499            -6.2009            -3.5849
   40      2            -0.5029            -5.8518            -4.5095
   40      3             0.6795            -7.0898            -3.7304
   41      1             2.9714             0.1614             5.4720
   41      2             3.1304            -0.7227             5.9115
   41      3             4.2496             0.5581             5.0493
   42      1             2.4339             2.1125             1.2651
   42      2             3.1651             2.6371             0.8291
   42      3             1.5034             3.0997             1.6568
   43      1            -5.8823            -5.0231            -1.6957
   43      2            -5.0845            -4.8048            -1.1336
   43      3            -6.2636            -4.0562            -2.1231
   44      1             4.8623            -1.5547             5.7041
   44      2             4.7292            -2.5215             5.9225
   44      3             5.3783            -1.0468             6.7402
   45      1             1.1127            -2.8725             1.8120
   45      2             0.8267            -2.8315             0.8547
   45      3             0.9685            -1.7484             2.2515
   46      1             5.5911            -3.2130            -4.8546
   46      2             5.8901            -2.5349            -4.1832
   46      3             4.5823            -3.3025            -4.8114
   47      1            -3.8771            -6.3090            -4.4342
   47      2            -2.8900            -6.2043            -4.3128
   47      3            -4.2669            -5.4455            -4.7544
   48      1             3.1609             3.8494             5.2371
   48      2             4.0862             4.1861             5.0628
   48      3             2.6190             4.8074             6.1232
   49      1             5.8887            -2.4299             0.7142
   49      2             5.1780            -2.4973             1.4144
   49      3             5.2358            -2.6333            -0.4441
   50      1            -4.5233            -3.2166            -3.9016
   50      2            -5.2569            -3.8786            -4.0550
   50      3            -3.6085            -3.7542            -3.7836
   51      1            -6.2302             1.1338             1.9565
   51      2            -7.0972             1.4151             1.5452
   51      3            -5.5105             1.7740             1.6878
   52      1             1.2216             4.4915            -3.8357
   52      2             1.6785             4.6090            -2.9539
   52      3            -0.0597             4.4963            -3.5505
   53      1             6.3129             4.2344             2.3958
   53      2             6.9177             3.4466             2.5124
   53      3             6.9946             5.1611             2.2615
   54      1             1.0289            -1.8369            -2.8895
   54      2             1.0764            -1.9331            -3.8837
   54      3             1.1080            -0.8681            -2.6442
   55      1             2.3119            -2.9500             4.3156
   55      2             1.5621            -3.1833             4.9347
   55      3             2.4331            -3.8775             3.5745
   56      1            -3.5326             2.2921            -1.9247
   56      2            -3.0822             1.9596            -2.7533
   56      3            -4.2380             3.2135            -2.2756
   57      1             0.9340             5.4600             6.0899
   57      2             1.5290             6.2614             6.1511
   57      3            -0.0633             5.7659             6.3342
   58      1            -0.1078             3.4011             0.6602
   58      2            -0.3529             2.6220             0.0833
   58      3            -0.2563             4.4281            -0.0860
   59      1            -5.4770             3.1936             0.0244
   59      2            -4.9905             3.7301             0.7139
   59      3            -4.4612             2.6395            -0.7446
   60      1            -5.1169             4.9657            -2.1694
   60      2            -4.2233             5.2747            -2.4949
   60      3            -5.8296             5.6382            -2.4634
   61      1            -5.7643            -2.4274             3.3375
   61      2            -5.2464            -1.6533             2.9734
   61      3            -5.5422            -3.2797             2.7568
   62      1            -1.1508            -2.6381             4.1893
   62      2            -1.0968            -2.6734             5.1873
   62      3            -0.8937            -3.8796             3.7975
   63      1            -5.5576            -5.6443             2.6111
   63      2            -5.3742            -6.6271             2.5937
   63      3            -6.9161            -5.5564             2.4818
   64      1            -5.6122             5.5743             5.2647
   64      2            -5.1333             4.8955             5.8214
   64      3            -6.8747             5.6737             5.8734

