Sodium       24
    1      1            -0.0638             0.0959            -0.3254
    2      1             0.1481             0.3157             0.3137
    3      1             0.2565            -0.2836             0.2414
    4      1            -0.3592            -0.3681            -0.3898
    5      1            -0.4112            -0.3795             0.1867
    6      1             0.4978            -0.2795            -0.0346
    7      1             0.4267             0.4056            -0.2094
    8      1            -0.1870            -0.2077             0.3764
    9      1             0.2639             0.4959            -0.3545
   10      1            -0.0147             0.0211            -0.1421
   11      1            -0.3586             0.1997            -0.0252
   12      1             0.1093            -0.2719             0.0014
   13      1            -0.0793             0.0897             0.1898
   14      1             0.1376            -0.1483            -0.3688
   15      1            -0.2446             0.0503             0.3927
   16      1             0.2202             0.2765            -0.3886
   17      1            -0.0834            -0.3046             0.0026
   18      1            -0.4623            -0.0722             0.1621
   19      1             0.1258             0.0874             0.2329
   20      1            -0.1293             0.4478             0.3324
   21      1             0.4354             0.3117             0.2081
   22      1             0.3629            -0.1346            -0.4195
   23      1            -0.3327            -0.2133             0.0483
   24      1            -0.4488             0.3831            -0.0204

Chlorine       24
    1      1             0.0845             0.2823             0.2523
    2      1            -0.4044            -0.1043             0.1984
    3      1             0.2515             0.0719            -0.2658
    4      1            -0.0256             0.0790             0.2161
    5      1            -0.3610            -0.3440            -0.3603
    6      1             0.1977            -0.3138            -0.3547
    7      1             0.4376             0.1220             0.3093
    8      1            -0.4091             0.2433             0.0573
    9      1            -0.2299             0.0208            -0.4465
   10      1            -0.0551            -0.3851             0.0621
   11      1            -0.1447            -0.1746            -0.1147
   12      1             0.0008            -0.0536            -0.0316
   13      1            -0.2684             0.4607            -0.2348
   14      1             0.1177             0.1868             0.1978
   15      1             0.1736            -0.2874             0.3329
   16      1             0.4379             0.4198             0.4094
   17      1            -0.4445             0.3980             0.1681
   18      1            -0.3316            -0.3954            -0.4006
   19      1            -0.3270            -0.3556             0.0556
   20      1             0.0376             0.4128             0.4445
   21      1             0.2092             0.2807             0.3853
   22      1             0.2284            -0.3055            -0.1535
   23      1            -0.2072            -0.3008             0.1612
   24      1             0.1300             0.1869            -0.1124

