Ethane      256
    1      1           -38.9933             0.8035            36.5465
    1      2           -37.9367             0.9718            37.6541
    2      1           -20.8143            49.7579           -13.1049
    2      2           -19.7001            50.0467           -12.0819
    3      1            43.3449           -41.6006           -24.2016
    3      2            43.4435           -40.1207           -23.7872
    4      1            41.0847            -2.6441            10.0439
    4      2            41.9858            -3.6597            10.7706
    5      1           -64.5658            56.7961           -51.9366
    5      2           -63.2336            56.1333           -52.3335
    6      1            40.8930            -8.2542           -34.4253
    6      2            42.3717            -8.0343           -34.7953
    7      1            14.7811           -54.3199            15.0816
    7      2            15.6130           -54.9996            16.1850
    8      1           -43.6932           -43.0359             3.6786
    8      2           -44.0134           -43.9097             4.9055
    9      1            47.4924           -32.4188            -5.9116
    9      2            47.1949           -31.0735            -5.2237
   10      1            17.9938           -60.6184           -16.1890
   10      2            16.5448           -60.1778           -15.9099
   11      1           -25.0303           -43.7512           -50.7887
   11      2           -23.5285           -43.8665           -50.4682
   12      1           -31.5002           -59.6105            40.5553
   12      2           -31.3854           -59.3381            42.0666
   13      1             3.1764           -61.3429            12.1888
   13      2             4.1478           -62.5253            12.0162
   14      1           -28.3434            18.7557             7.0287
   14      2           -28.2426            19.9084             8.0449
   15      1            34.2394           -16.9609            24.1524
   15      2            35.3971           -17.2767            23.1873
   16      1            29.8209           -46.3168           -60.2548
   16      2            31.1086           -45.4751           -60.3250
   17      1            -0.5867            -1.1777             3.2610
   17      2            -1.0806            -0.4182             4.5064
   18      1             9.9973            18.7780            14.6512
   18      2             9.0657            18.5069            13.4553
   19      1           -55.8132             2.7001           -41.3171
   19      2           -55.3893             1.7070           -42.4151
   20      1            59.4224            64.0867           -59.6513
   20      2            58.8949            65.5285           -59.5305
   21      1            20.1956            19.1033           -30.9044
   21      2            20.0617            18.4539           -32.2943
   22      1             6.2130             6.8585            40.9514
   22      2             5.2001             5.7001            40.8883
   23      1            10.2872            45.6364            28.5789
   23      2            11.8078            45.5227            28.3632
   24      1           -30.2695            36.4151           -44.4819
   24      2           -28.7688            36.2881           -44.1608
   25      1            49.9445            62.6232            44.8800
   25      2            51.3275            62.3141            44.2772
   26      1            42.2367            56.4471           -34.7599
   26      2            43.6372            57.0688           -34.9139
   27      1            50.4269           -20.5841             6.6262
   27      2            51.1520           -20.8916             7.9496
   28      1            56.2872           -29.2609           -45.0657
   28      2            55.5001           -29.5393           -46.3598
   29      1            53.6568            22.5787            52.4978
   29      2            55.0265            22.9503            53.0957
   30      1            -1.8575            23.9933            54.7168
   30      2            -3.1645            24.6648            54.2557
   31      1           -31.5770            -1.6677           -28.2500
   31      2           -32.0487            -1.1842           -29.6340
   32      1           -20.2309            33.3379           -27.7457
   32      2           -18.6956            33.3652           -27.6283
   33      1           -46.8600           -42.3030            44.0975
   33      2           -46.0652           -41.2732            43.2733
   34      1            50.8732            -9.5856             8.6581
   34      2            51.8402           -10.5504             7.9470
   35      1           -24.0396           -18.3569             0.0658
   35      2           -23.3468           -18.3099            -1.3088
   36      1           -44.7230           -33.1851             0.1977
   36      2           -44.3477           -31.7095             0.4282
   37      1           -16.5229            -1.9498           -52.7053
   37      2           -15.6573            -2.7180           -51.6893
   38      1           -22.6229           -50.1914            45.8297
   38      2           -24.0446           -49.9891            45.2734
   39      1           -41.2654            45.9524            20.5725
   39      2           -40.4407            46.7322            19.5316
   40      1           -54.5517            -0.9846            46.9844
   40      2           -54.0321            -0.4801            48.3435
   41      1            10.1733            28.2993            24.0450
   41      2             8.8986            27.5974            24.5490
   42      1            57.1828            12.9927           -22.6051
   42      2            57.4728            14.3072           -23.3531
   43      1            59.8617           -60.4329           -27.8139
   43      2            61.2003           -59.8038           -27.3850
   44      1           -30.2996             8.0095            19.4701
   44      2           -30.0428             7.8664            20.9818
   45      1            37.1091           -42.5672            20.4869
   45      2            37.4776           -43.9091            21.1467
   46      1            49.3032           -39.7489            31.8281
   46      2            48.9869           -40.9746            30.9511
   47      1            49.8815           -62.8267           -46.6231
   47      2            51.0641           -62.1303           -45.9244
   48      1           -34.2908            33.4540            54.9382
   48      2           -32.7607            33.3746            54.7834
   49      1           -52.8227           -10.9345            61.5660
   49      2           -51.8038            -9.7904            61.4095
   50      1            32.6444           -55.3894            48.8041
   50      2            31.2997           -54.7137            49.1308
   51      1             1.4583            48.2123            -1.4504
   51      2             2.2316            47.6601            -2.6622
   52      1            44.0529           -60.7101            22.1039
   52      2            42.9129           -61.0616            23.0777
   53      1            -3.9550             4.7333           -33.3995
   53      2            -2.4322             4.8597           -33.2079
   54      1            37.5555           -12.7188           -49.8284
   54      2            37.4719           -13.3357           -48.4198
   55      1           -52.6345            50.7326           -37.8729
   55      2           -51.1756            51.0098           -37.4647
   56      1           -57.1751           -27.1796             1.1868
   56      2           -55.7260           -26.9213             1.6394
   57      1            -9.2464            49.2072           -14.4878
   57      2            -7.8245            49.5779           -14.0270
   58      1            10.0867            34.9148            46.6739
   58      2            11.6016            35.1783            46.5887
   59      1            29.7974            39.5219            -4.0764
   59      2            31.0993            39.5622            -3.2548
   60      1            14.7641           -65.3722            55.3003
   60      2            14.5241           -64.4510            54.0898
   61      1           -50.6981           -14.0163           -10.5952
   61      2           -50.7063           -14.0293            -9.0553
   62      1            48.8944            65.5827             3.0434
   62      2            50.4038            65.7921             2.8209
   63      1           -18.4115           -26.1094           -44.8088
   63      2           -17.2802           -25.6308           -45.7376
   64      1            22.0729           -36.9563            53.7304
   64      2            21.6467           -35.5670            53.2208
   65      1           -51.3958           -29.7924            60.7760
   65      2           -50.5085           -30.4285            59.6898
   66      1            58.0423            11.9770             0.7274
   66      2            59.4164            12.3308             1.3260
   67      1            51.5778            50.4733           -12.1354
   67      2            52.9634            49.9397           -12.5443
   68      1            -4.8595             5.3981           -37.4918
   68      2            -3.5058             5.8259           -38.0885
   69      1            -7.9574           -49.1533            19.5617
   69      2            -7.8602           -48.3406            18.2571
   70      1            -6.3925           -11.4650           -22.7262
   70      2            -5.6025           -10.1903           -23.0763
   71      1            30.6442            38.3992           -38.5125
   71      2            30.6117            36.8658           -38.6514
   72      1            40.8620            -3.2701           -57.0240
   72      2            40.7028            -2.7486           -55.5837
   73      1            58.0550           -22.4162           -35.7422
   73      2            56.9986           -21.4190           -35.2311
   74      1           -50.9141            -2.1826            47.2495
   74      2           -50.5958            -1.0818            46.2207
   75      1           -40.3464            42.4244           -49.1285
   75      2           -41.7396            42.8842           -48.6603
   76      1            35.4001            17.3302            35.0629
   76      2            36.7444            17.8305            35.6235
   77      1            11.6182            12.2680           -58.5217
   77      2            12.9543            12.0909           -59.2667
   78      1           -53.3869           -34.7529            24.7607
   78      2           -52.7636           -35.0570            26.1358
   79      1            14.8591            41.2426            44.2938
   79      2            16.0519            41.7038            45.1518
   80      1           -11.5546           -53.0091            42.6228
   80      2           -10.1410           -52.6492            42.1291
   81      1           -56.4111           -47.7029            13.7079
   81      2           -55.0625           -48.4373            13.5912
   82      1            57.5028           -57.7738            39.8651
   82      2            58.9060           -57.2591            39.4940
   83      1            37.3794            39.2785           -31.5422
   83      2            37.6254            37.7926           -31.8634
   84      1            54.7590           -59.0271            -8.3428
   84      2            56.1395           -58.8311            -7.6888
   85      1            64.1717           -20.5804           -20.1309
   85      2            63.0137           -21.5126           -20.5330
   86      1           -57.4386            25.9810           -26.8370
   86      2           -57.8141            25.7888           -28.3181
   87      1            65.4328            62.1555            37.1784
   87      2            64.2761            62.1092            38.1940
   88      1           -61.1913            63.4367            34.9611
   88      2           -60.1026            62.5873            34.2794
   89      1             5.1264            38.3039           -32.6497
   89      2             4.6325            39.1011           -33.8713
   90      1            -6.1327           -34.2543           -13.6065
   90      2            -4.8733           -33.3943           -13.8205
   91      1            -4.8551             1.3999           -44.9376
   91      2            -4.7666             2.8654           -45.4025
   92      1            28.3959            64.7254            62.4544
   92      2            29.8852            64.3515            62.5725
   93      1           -21.7730            21.8998           -19.0311
   93      2           -20.3688            22.3194           -19.5040
   94      1            -4.1736            23.9181           -42.0260
   94      2            -2.9650            24.7103           -42.5584
   95      1            44.7547           -43.5391             7.5921
   95      2            46.1723           -42.9449             7.4982
   96      1            46.6493            46.3871           -41.8381
   96      2            45.8853            46.1067           -40.5307
   97      1            42.2842             7.4725             9.1885
   97      2            43.4014             6.6618             8.5057
   98      1            27.5676           -19.2660           -20.6971
   98      2            26.2134           -19.2435           -21.4302
   99      1           -64.6888           -19.7227            20.3490
   99      2           -64.4302           -18.7499            21.5146
  100      1           -35.0777           -18.5959           -31.9772
  100      2           -35.5320           -19.9648           -32.5170
  101      1            28.6125            33.5481           -35.4393
  101      2            29.2325            32.7179           -36.5786
  102      1             2.8894            -2.2393           -37.9515
  102      2             4.4294            -2.2392           -37.9579
  103      1           -38.6826            36.0011            22.7111
  103      2           -39.4775            34.9296            23.4802
  104      1           -16.1741            28.6050            27.1210
  104      2           -15.1364            27.5819            26.6230
  105      1            32.3105            16.9749           -57.1768
  105      2            32.1926            15.4398           -57.2086
  106      1           -58.0369            -7.5471            29.4499
  106      2           -57.2128            -8.7294            28.9071
  107      1            32.5267           -49.5265           -40.3340
  107      2            32.5607           -51.0202           -39.9606
  108      1            44.8179            -8.5513            -0.3903
  108      2            45.9808            -9.4407             0.0876
  109      1           -61.1093           -50.7890             9.5944
  109      2           -62.0732           -51.3226             8.5184
  110      1            11.7352            26.1824             2.9962
  110      2            12.4566            25.7302             1.7130
  111      1            32.4762            29.8793             0.6254
  111      2            32.3256            29.4455             2.0954
  112      1            11.2119           -54.5265            42.9826
  112      2            10.7115           -55.9531            43.2759
  113      1           -49.0099           -45.0945            65.3245
  113      2           -47.7459           -44.3501            64.8558
  114      1            47.2443            -9.9439           -55.7474
  114      2            47.1095            -9.9493           -57.2814
  115      1           -21.7458           -65.7138           -55.4119
  115      2           -20.8434           -64.9365           -56.3883
  116      1            38.1108           -49.1847           -53.1505
  116      2            39.4623           -49.1903           -52.4122
  117      1             9.0978           -47.6032           -30.9342
  117      2            10.4059           -47.2122           -30.2216
  118      1           -16.8489            15.6764           -54.1878
  118      2           -15.3609            15.4541           -53.8592
  119      1            46.5244            44.5241           -46.6980
  119      2            45.2348            43.9014           -46.1316
  120      1            50.7852            26.6099             5.1388
  120      2            52.2314            26.4711             5.6496
  121      1           -13.6403           -61.1460            54.0338
  121      2           -12.1269           -61.3942            54.1737
  122      1            10.8449            -3.7863             0.2924
  122      2            10.4658            -4.6013             1.5428
  123      1           -43.8246            24.7352           -38.9297
  123      2           -42.2878            24.8336           -38.9167
  124      1           -11.4799             4.6351           -46.8243
  124      2           -10.0048             4.9833           -46.5512
  125      1            -2.5951           -16.9104             1.2664
  125      2            -2.8000           -18.0493             2.2826
  126      1           -41.0832           -33.0563            -6.0599
  126      2           -39.7249           -32.6143            -5.4845
  127      1            -2.5086           -15.2633           -65.4396
  127      2            -2.1681           -13.7623           -65.3882
  128      1           -49.3733             9.7819           -18.0636
  128      2           -50.2187             9.1454           -16.9447
  129      1            21.8781            51.9129            34.7536
  129      2            20.8418            51.7539            35.8816
  130      1           -47.0828           -42.3532            62.0571
  130      2           -45.7276           -41.8585            62.5958
  131      1            25.3801            52.7665             3.2372
  131      2            26.5790            53.7308             3.3026
  132      1            10.5197            20.1204             5.3360
  132      2            11.1044            21.4934             4.9557
  133      1            28.7720           -39.0497           -12.9203
  133      2            29.9864           -38.3260           -12.3094
  134      1            59.8379            58.8619           -20.9415
  134      2            61.2843            58.7228           -20.4313
  135      1            16.5657            48.7759            51.5490
  135      2            18.0017            49.2359            51.8618
  136      1            43.2508           -22.8815           -43.9105
  136      2            44.1417           -24.1276           -44.0686
  137      1            23.0812            -2.3656            58.4013
  137      2            21.9270            -1.9736            59.3425
  138      1            -3.5591            18.6733            38.0428
  138      2            -2.1251            18.1972            37.7453
  139      1            61.9301            22.3710           -46.6449
  139      2            62.5757            23.4556           -45.7626
  140      1           -27.6082             6.5889           -18.7290
  140      2           -27.8214             6.0174           -20.1430
  141      1           -65.5997           -38.7538             6.4728
  141      2           -65.4161           -37.4727             7.3074
  142      1            -2.9589           -64.3914           -36.8711
  142      2            -3.2058           -63.1252           -37.7122
  143      1           -11.4275           -25.0702           -54.4615
  143      2           -10.6252           -23.8258           -54.8849
  144      1           -51.8385            -2.7282           -32.8175
  144      2           -50.4491            -2.1771           -32.4467
  145      1           -23.6474           -19.6743            58.5258
  145      2           -24.9850           -18.9385            58.7287
  146      1            28.5468            54.3161            32.8830
  146      2            30.0556            54.6048            32.9911
  147      1           -17.3806             8.6008            54.4311
  147      2           -18.3924             7.9057            53.5012
  148      1           -28.7013            27.6805             7.5568
  148      2           -29.2552            28.4758             6.3600
  149      1            36.3769           -34.1835           -32.3090
  149      2            35.5535           -34.2921           -33.6058
  150      1           -50.1980           -50.5456            25.2377
  150      2           -49.1892           -49.5530            25.8449
  151      1           -31.9222           -20.1643           -27.5184
  151      2           -30.8455           -20.2497           -26.4207
  152      1           -21.9760            55.2311           -38.0758
  152      2           -20.9945            56.3426           -38.4914
  153      1            59.9706            61.6048            27.3094
  153      2            59.6312            62.4045            28.5810
  154      1            15.4068           -55.8747           -50.9826
  154      2            16.8342           -55.4884           -50.5525
  155      1             9.2024            28.7259           -25.8178
  155      2             8.6617            29.0398           -27.2252
  156      1           -48.2095           -20.8940           -28.6791
  156      2           -46.6696           -20.9000           -28.6837
  157      1           -49.5461            61.9911            -6.8597
  157      2           -50.0849            61.0875            -5.7351
  158      1           -16.5393            35.6238           -49.7682
  158      2           -17.0540            36.4151           -48.5514
  159      1            38.0235            21.6472            15.4887
  159      2            38.9231            21.8428            14.2542
  160      1            47.7948            29.9015           -12.6388
  160      2            49.3291            29.7699           -12.6502
  161      1            47.1552            16.0044           -16.5370
  161      2            48.6925            16.0934           -16.5582
  162      1           -11.2137            -4.7533           -59.6712
  162      2            -9.8983            -4.1241           -59.1756
  163      1            41.7968           -46.3027           -17.4860
  163      2            42.0422           -47.7389           -17.9846
  164      1           -65.2571            55.5755            12.0893
  164      2           -65.6197            56.1389            10.7027
  165      1           -20.4657           -40.5702            59.2757
  165      2           -19.4132           -41.5179            59.8803
  166      1           -55.1469            17.5002           -16.5756
  166      2           -54.9194            18.5584           -17.6710
  167      1            13.0142            -8.7955            22.8628
  167      2            13.3755            -9.8898            23.8844
  168      1            31.4695             2.1013            55.9449
  168      2            30.9751             0.6474            56.0600
  169      1             3.4792           -58.7201            58.1434
  169      2             3.5257           -57.5551            57.1373
  170      1            12.8560           -37.6397           -58.8389
  170      2            13.7163           -37.3706           -57.5903
  171      1           -44.0070           -57.2079           -64.5065
  171      2           -42.4682           -57.1482           -64.4996
  172      1           -39.9796            29.3746           -38.0098
  172      2           -40.4716            27.9193           -37.9030
  173      1           -54.3888            40.3547             1.6511
  173      2           -54.4281            41.6394             0.8030
  174      1            -9.3633            16.5209            55.2381
  174      2           -10.7669            16.8632            55.7715
  175      1            22.4443            62.5235           -15.0805
  175      2            21.8835            63.8480           -15.6306
  176      1           -14.3262           -55.2415            36.3517
  176      2           -13.1523           -56.2347            36.2685
  177      1           -46.4649            22.4616           -32.0513
  177      2           -45.4957            22.5622           -30.8587
  178      1           -60.9087           -35.6993            61.6817
  178      2           -59.4921           -35.3925            62.2021
  179      1            32.7758           -37.1989           -28.0189
  179      2            34.1345           -36.6688           -28.5134
  180      1            65.8633           -61.7557           -55.9955
  180      2            65.0436           -60.5655           -56.5279
  181      1           -57.9171           -55.7913           -47.1310
  181      2           -56.3909           -55.8394           -47.3307
  182      1           -37.5919            33.3367             2.0302
  182      2           -38.9231            32.6616             2.4095
  183      1            13.5146           -57.7268            57.1686
  183      2            15.0489           -57.5997            57.2069
  184      1           -58.9924            27.4044           -15.8016
  184      2           -58.3552            27.7116           -14.4337
  185      1           -43.5336           -17.0650           -11.1649
  185      2           -43.5100           -15.8710           -12.1372
  186      1           -49.8905           -15.8306            26.2231
  186      2           -48.3714           -15.9740            26.4313
  187      1             2.2918             5.7248           -17.0157
  187      2             2.2146             5.2574           -18.4810
  188      1           -50.7358            65.5154             3.3961
  188      2           -50.1437            65.0174             2.0646
  189      1             1.5405            63.1922            57.6017
  189      2             3.0195            63.2687            58.0242
  190      1            46.8430            54.2639            56.1279
  190      2            47.8698            53.7592            55.0971
  191      1            35.9439            -1.6607           -40.7414
  191      2            37.4758            -1.7020           -40.8935
  192      1           -46.3592           -24.3254            12.0728
  192      2           -47.6563           -23.5543            12.3804
  193      1           -65.9609            54.2118           -38.0976
  193      2           -64.4970            54.6897           -38.0800
  194      1           -36.0512            58.8679            25.1178
  194      2           -34.5151            58.9764            25.1307
  195      1            -2.0902           -46.9763           -57.6478
  195      2            -0.5502           -46.9736           -57.6463
  196      1            34.3817            56.6037            -1.1765
  196      2            33.9986            58.0918            -1.2782
  197      1            56.1460            25.3640           -15.6470
  197      2            54.7271            25.5183           -15.0686
  198      1           -23.1634            -1.8714           -17.1601
  198      2           -23.2726            -2.4941           -15.7559
  199      1            -8.3530            55.4135            29.3700
  199      2            -7.3882            54.6092            30.2611
  200      1           -11.6918            44.1079             8.2700
  200      2           -12.4746            43.7154             9.5368
  201      1            -4.7772            20.8702            -3.6070
  201      2            -5.8768            19.8421            -3.9317
  202      1           -23.2057            -7.7774            10.1982
  202      2           -21.7348            -7.5573             9.7985
  203      1             6.1438             1.0915            58.7609
  203      2             5.9436             2.0128            59.9787
  204      1            21.9941           -35.9593            28.1929
  204      2            23.0861           -35.5687            27.1796
  205      1           -62.0909           -34.1779           -18.2060
  205      2           -60.5543           -34.2655           -18.2590
  206      1             9.0039           -29.2503           -32.6508
  206      2            10.5013           -29.5385           -32.4353
  207      1            24.0294            22.3767            12.9644
  207      2            25.5540            22.5750            12.8761
  208      1            50.0825            45.9264            54.5002
  208      2            50.8051            44.7030            53.9064
  209      1             0.3977            59.0053            17.8043
  209      2             1.6562            58.4019            18.4551
  210      1            22.9600            -9.0429            31.2411
  210      2            23.5191            -7.6097            31.1699
  211      1           -52.2535            59.8490            12.2370
  211      2           -52.7055            61.1013            13.0111
  212      1             4.2276           -10.3292           -61.7946
  212      2             5.1464           -11.3188           -61.0543
  213      1           -33.4986            13.4238             5.2131
  213      2           -34.4135            14.6624             5.1894
  214      1            -2.9798            24.9952           -17.3792
  214      2            -2.8083            24.3501           -18.7670
  215      1           -60.3719           -50.5098           -17.8851
  215      2           -59.5369           -50.9420           -16.6654
  216      1            49.9309           -15.4516            59.3562
  216      2            50.0121           -16.8877            58.8062
  217      1            36.6074            -9.6493            11.8925
  217      2            38.1180            -9.9117            11.7480
  218      1            48.3088           -52.4989           -17.7643
  218      2            49.3177           -53.6479           -17.9473
  219      1            62.4229            57.3747            51.8025
  219      2            61.7226            56.3422            50.8997
  220      1            13.7604             0.1862            21.3921
  220      2            14.2427             1.1905            22.4553
  221      1           -36.6239            11.9246             7.8947
  221      2           -35.2299            12.5493             8.0897
  222      1            45.0050           -22.6419           -51.4454
  222      2            45.7797           -21.6864           -50.5188
  223      1            53.4107            62.4406            -8.2956
  223      2            52.0052            62.6830            -7.7146
  224      1           -63.6808            -6.2088           -16.2800
  224      2           -64.3361            -7.5637           -15.9541
  225      1           -59.8928            -5.9715            51.5221
  225      2           -59.6590            -4.9708            50.3752
  226      1            44.9078            49.8435            21.2225
  226      2            46.4094            49.6487            21.5033
  227      1           -50.6065           -11.7402           -45.1177
  227      2           -49.1843           -11.1734           -45.2839
  228      1           -61.0367            12.8636            39.0263
  228      2           -59.8454            12.0457            38.4938
  229      1            52.7743           -49.4153           -23.9920
  229      2            53.8232           -48.3727           -24.4214
  230      1           -65.9757            60.2922           -32.5345
  230      2           -65.1645            59.0196           -32.8409
  231      1           -28.5425            12.4328            31.7657
  231      2           -29.8947            12.8434            31.1537
  232      1             5.3333            28.1677            39.7814
  232      2             6.7442            28.1740            40.3985
  233      1           -45.2643           -18.2719            27.3802
  233      2           -43.9076           -17.5433            27.3680
  234      1           -62.1203            -1.2270            51.7465
  234      2           -61.4638            -0.4213            50.6101
  235      1            -3.9560           -60.2378           -25.9228
  235      2            -3.4174           -60.0351           -27.3512
  236      1            20.6172            60.2799            59.8079
  236      2            21.6431            61.3680            60.1752
  237      1           -56.9921            47.2409            -9.7732
  237      2           -57.8876            46.7517           -10.9266
  238      1            54.3299           -18.9431            27.5738
  238      2            54.8693           -20.3827            27.6635
  239      1             1.7204            63.3716            -2.6903
  239      2             3.1850            62.9465            -2.4765
  240      1           -48.5253            48.1674           -17.8832
  240      2           -47.9416            49.2860           -17.0002
  241      1            37.0014           -56.7529            20.4064
  241      2            37.6909           -55.3857            20.2427
  242      1            28.3788           -37.5782           -60.1684
  242      2            28.9279           -39.0099           -60.3106
  243      1           -23.8706           -64.2862            43.7180
  243      2           -22.8982           -64.1388            44.9031
  244      1            24.3922           -52.5852            38.4727
  244      2            25.8522           -52.9904            38.7478
  245      1            -1.3465            27.7848            59.1944
  245      2            -0.6152            29.1305            59.0338
  246      1           -54.7386           -32.3789            17.5304
  246      2           -53.8174           -31.1457            17.4820
  247      1            58.7750            34.9532           -26.9329
  247      2            57.8279            34.2370           -27.9135
  248      1           -20.6568             3.7926            27.6591
  248      2           -19.6105             3.3440            28.6963
  249      1            25.8265            60.4477           -27.2115
  249      2            26.2525            61.9186           -27.0484
  250      1           -21.4476           -27.2212           -47.9985
  250      2           -21.3014           -25.7799           -48.5207
  251      1            11.4936           -28.3488            18.8154
  251      2            10.7889           -29.1138            17.6797
  252      1           -60.8582            44.9793           -48.0271
  252      2           -60.7927            46.1306           -49.0478
  253      1            56.1972           -32.8511           -49.6224
  253      2            57.4192           -32.2346           -48.9164
  254      1           -16.6980           -28.3371           -25.1725
  254      2           -15.4478           -27.4620           -25.3796
  255      1           -42.2607            -2.8963           -29.4882
  255      2           -42.1779            -2.1208           -28.1603
  256      1            -2.4634            -8.6578            20.3266
  256      2            -2.0350            -9.9711            19.6460

