A      108
    1      1            -2.4161            -2.3379            -2.4001
    2      1            -1.6196            -1.6041            -2.4305
    3      1            -2.3918            -1.5170            -1.6128
    4      1            -1.5421            -2.3785            -1.6500
    5      1            -0.7669            -2.3014            -2.4225
    6      1            -0.0309            -1.5849            -2.4034
    7      1            -0.8482            -1.5578            -1.6337
    8      1            -0.0630            -2.3378            -1.6480
    9      1             0.7564            -2.3169            -2.4320
   10      1             1.5176            -1.5836            -2.4058
   11      1             0.7784            -1.5496            -1.6016
   12      1             1.5507            -2.3406            -1.6163
   13      1            -2.3884            -0.8149            -2.4141
   14      1            -1.5589             0.0198            -2.4263
   15      1            -2.4042             0.0342            -1.5977
   16      1            -1.5676            -0.6970            -1.5919
   17      1            -0.8097            -0.7903            -2.3880
   18      1            -0.0495            -0.0511            -2.3877
   19      1            -0.8009             0.0046            -1.6166
   20      1            -0.0033            -0.8047            -1.6505
   21      1             0.7248            -0.8123            -2.4175
   22      1             1.5546            -0.0351            -2.3750
   23      1             0.7213            -0.0434            -1.6235
   24      1             1.5213            -0.8549            -1.5957
   25      1            -2.3558             0.7484            -2.3875
   26      1            -1.6443             1.5342            -2.3726
   27      1            -2.4060             1.5805            -1.6540
   28      1            -1.6547             0.7698            -1.6384
   29      1            -0.8516             0.7613            -2.4550
   30      1            -0.0200             1.5302            -2.4461
   31      1            -0.8324             1.6042            -1.6620
   32      1            -0.0529             0.7710            -1.5530
   33      1             0.7848             0.7635            -2.3854
   34      1             1.5713             1.5539            -2.3938
   35      1             0.7566             1.5280            -1.6075
   36      1             1.5062             0.7408            -1.5703
   37      1            -2.3721            -2.3588            -0.8343
   38      1            -1.6424            -1.5082            -0.8238
   39      1            -2.3402            -1.5425             0.0159
   40      1            -1.6032            -2.3463            -0.0044
   41      1            -0.7949            -2.3425            -0.8794
   42      1             0.0083            -1.5914            -0.8982
   43      1            -0.8254            -1.5955            -0.0582
   44      1            -0.0659            -2.3415            -0.0592
   45      1             0.7599            -2.3418            -0.8367
   46      1             1.5414            -1.5833            -0.8112
   47      1             0.7265            -1.5970            -0.0426
   48      1             1.5638            -2.3293            -0.0084
   49      1            -2.4153            -0.8472            -0.8559
   50      1            -1.6312             0.0104            -0.8732
   51      1            -2.3644            -0.0292            -0.0226
   52      1            -1.6072            -0.8220             0.0031
   53      1            -0.8075            -0.8299            -0.8466
   54      1            -0.0470            -0.0070            -0.8317
   55      1            -0.7839             0.0576            -0.0060
   56      1            -0.0207            -0.7781            -0.0880
   57      1             0.7844            -0.8245            -0.8399
   58      1             1.5102            -0.0052            -0.8580
   59      1             0.7434            -0.0436            -0.0377
   60      1             1.5261            -0.7618            -0.0603
   61      1            -2.3835             0.8039            -0.8324
   62      1            -1.6093             1.5860            -0.8207
   63      1            -2.4132             1.5763            -0.0099
   64      1            -1.6396             0.7782            -0.0613
   65      1            -0.8536             0.7862            -0.8300
   66      1            -0.0481             1.5844            -0.8624
   67      1            -0.8077             1.5474            -0.0373
   68      1            -0.0533             0.8006            -0.0523
   69      1             0.7006             0.8081            -0.8405
   70      1             1.5110             1.6129            -0.8478
   71      1             0.7226             1.5632            -0.0949
   72      1             1.5182             0.8081            -0.0443
   73      1            -2.3858            -2.3887             0.6866
   74      1            -1.5651            -1.5654             0.7410
   75      1            -2.3908            -1.5637             1.5473
   76      1            -1.5564            -2.3471             1.4975
   77      1            -0.8086            -2.3654             0.8288
   78      1            -0.0312            -1.5773             0.7267
   79      1            -0.8121            -1.6179             1.5440
   80      1            -0.0469            -2.4023             1.5185
   81      1             0.7329            -2.3613             0.7178
   82      1             1.5385            -1.5703             0.7233
   83      1             0.7835            -1.5565             1.5525
   84      1             1.5021            -2.3004             1.4744
   85      1            -2.3779            -0.7935             0.7204
   86      1            -1.6054             0.0027             0.7064
   87      1            -2.3666            -0.0387             1.5052
   88      1            -1.6643            -0.8113             1.5250
   89      1            -0.7972            -0.7594             0.7377
   90      1            -0.0620             0.0269             0.7339
   91      1            -0.8082            -0.0143             1.5147
   92      1            -0.0099            -0.7883             1.4999
   93      1             0.7557            -0.8262             0.7412
   94      1             1.5415            -0.0282             0.7053
   95      1             0.7486            -0.0315             1.5163
   96      1             1.5125            -0.7619             1.5093
   97      1            -2.4059             0.7388             0.7780
   98      1            -1.5696             1.5862             0.7415
   99      1            -2.3764             1.5564             1.5073
  100      1            -1.6125             0.7608             1.5354
  101      1            -0.8345             0.7616             0.7520
  102      1            -0.0211             1.5637             0.6706
  103      1            -0.7915             1.5764             1.5265
  104      1            -0.0528             0.8258             1.5076
  105      1             0.7976             0.8087             0.7390
  106      1             1.5395             1.6125             0.6688
  107      1             0.7693             1.5835             1.4781
  108      1             1.4962             0.7767             1.5076

