n-Butane      150
    1      1            -6.2991            -6.0517             5.1647
    1      2            -4.8984            -5.6202             4.6920
    1      3            -3.8262            -5.8538             5.7724
    1      4            -3.9679            -4.8530             6.9343
    2      1           -10.5124            -4.2598             3.4362
    2      2           -11.0831            -3.8291             4.8001
    2      3           -12.5257            -3.3240             4.6116
    2      4           -13.2519            -2.8120             5.8694
    3      1            12.1044            12.5399            -0.1366
    3      2            12.8993            11.2283             0.0026
    3      3            12.3329            10.0875            -0.8630
    3      4            13.1496             8.8020            -1.0915
    4      1            10.3932           -11.0945            13.1142
    4      2            10.1508           -11.8194            11.7773
    4      3             9.6607           -10.8575            10.6791
    4      4            10.1831           -11.3377             9.3123
    5      1            -2.4542            -7.7303             2.6514
    5      2            -1.0152            -8.1279             2.2737
    5      3            -0.8839            -8.6798             0.8420
    5      4            -1.2171            -7.8398            -0.4050
    6      1            11.3902             4.7881            13.0424
    6      2            10.7683             3.8695            14.1107
    6      3            11.3121             2.4483            13.8740
    6      4            11.0859             1.9526            12.4337
    7      1           -12.8165             9.0067             6.8150
    7      2           -12.1024             9.5743             8.0558
    7      3           -12.2852            11.0720             8.3640
    7      4           -11.5935            11.5300             9.6615
    8      1            15.2949            15.1226             6.7803
    8      2            14.4713            13.8268             6.8981
    8      3            14.5700            12.8510             8.0854
    8      4            13.8322            11.4996             8.0553
    9      1           -12.3737            -0.0447           -12.1592
    9      2           -12.4603            -0.7530           -13.5240
    9      3           -11.4952            -0.0432           -14.4917
    9      4           -11.7082            -0.3916           -15.9766
   10      1             6.2824            -4.4177             4.7573
   10      2             6.2798            -4.7880             3.2624
   10      3             6.2627            -3.7015             2.1711
   10      4             6.2264            -4.1206             0.6897
   11      1            -2.0852             0.4722            -6.4290
   11      2            -2.2697            -1.0252            -6.7379
   11      3            -3.6935            -1.4609            -7.1309
   11      4            -3.7737            -2.9976            -7.1927
   12      1            -4.7589            -1.3736             9.3178
   12      2            -4.5767            -0.3736            10.4747
   12      3            -3.1918             0.2104            10.8103
   12      4            -3.2826             1.5978            11.4726
   13      1             9.7061           -10.3969             3.3447
   13      2            10.5119            -9.4283             4.2302
   13      3            12.0449            -9.5526             4.1535
   13      4            12.5075           -11.0148             4.2938
   14      1             1.2458            12.8902             0.9217
   14      2             0.3740            12.6648            -0.3275
   14      3            -1.1326            12.8076            -0.0423
   14      4            -2.0320            12.2768            -1.1741
   15      1            15.2780             8.7348            12.8701
   15      2            13.8254             8.2276            12.8051
   15      3            12.8850             8.5820            13.9721
   15      4            11.3757             8.3317            13.7960
   16      1            11.7283            13.2052            -9.4994
   16      2            10.3139            13.4328            -8.9344
   16      3             9.4235            12.1892            -8.7550
   16      4             7.9737            12.6423            -8.5015
   17      1            13.8556             2.1159             9.1817
   17      2            13.9990             0.5896             9.0354
   17      3            12.9707            -0.0297             8.0707
   17      4            13.2657             0.3682             6.6125
   18      1           -10.1444             4.8114           -10.7532
   18      2            -8.8869             4.2996           -10.0263
   18      3            -8.2588             3.1424           -10.8251
   18      4            -9.2210             1.9599           -11.0438
   19      1             4.9293             2.4408             1.8717
   19      2             5.5762             1.1399             2.3826
   19      3             5.5915            -0.0308             1.3823
   19      4             4.2917            -0.8194             1.1369
   20      1            -4.8471             8.1773            -0.8867
   20      2            -4.3443             7.2929            -2.0428
   20      3            -2.8273             7.0844            -2.2064
   20      4            -2.2049             6.2638            -3.3514
   21      1             4.9942            -3.9697            -9.5691
   21      2             5.2917            -3.4234           -10.9779
   21      3             6.6160            -4.0458           -11.4578
   21      4             6.7943            -3.7625           -12.9610
   22      1            13.6633            12.1501           -14.5222
   22      2            12.2217            12.6029           -14.2255
   22      3            11.1563            11.4925           -14.2862
   22      4             9.6776            11.9211           -14.3195
   23      1            12.4729            -3.5242           -12.9729
   23      2            12.8193            -2.7055           -14.2304
   23      3            13.4879            -1.3858           -13.8029
   23      4            13.6838            -0.3884           -14.9598
   24      1            15.1367           -10.0624           -13.9991
   24      2            14.1702           -10.7607           -13.0245
   24      3            13.6642           -12.2060           -13.1875
   24      4            14.7228           -13.3243           -13.1698
   25      1             2.6369            11.6483           -16.3580
   25      2             1.5062            11.8527           -15.3326
   25      3             1.4223            11.1039           -13.9895
   25      4             1.2673             9.5719           -14.0112
   26      1            -7.4524            13.7391            -1.4725
   26      2            -7.1907            14.3125            -0.0674
   26      3            -8.5261            14.8999             0.4256
   26      4            -9.6681            13.8784             0.2705
   27      1            -8.5654           -14.9362            -9.7181
   27      2            -9.1654           -13.8855           -10.6708
   27      3           -10.5826           -13.3648           -10.3674
   27      4           -11.5954           -14.5120           -10.1949
   28      1             6.5239             3.0291            13.7543
   28      2             6.6741             1.6055            13.1866
   28      3             6.0980             1.2796            11.7961
   28      4             6.7659             2.0714            10.6566
   29      1             5.2079            -7.7205             0.6978
   29      2             6.3525            -7.9246            -0.3121
   29      3             7.3056            -8.9542             0.3228
   29      4             6.5602           -10.2275             0.7641
   30      1            -8.4029            -2.8160           -13.2551
   30      2            -8.5159            -2.1359           -14.6321
   30      3            -7.7936            -2.8802           -15.7705
   30      4            -7.5738            -2.1230           -17.0933
   31      1            -2.8394           -12.4436            -2.1789
   31      2            -1.3380           -12.3612            -2.5113
   31      3            -0.9177           -12.2168            -3.9858
   31      4            -1.4536           -10.9003            -4.5785
   32      1            11.7185            -6.3049           -15.5706
   32      2            11.8774            -7.2777           -14.3873
   32      3            10.6377            -8.1423           -14.0922
   32      4            10.7759            -8.8479           -12.7304
   33      1             3.4022           -13.6605            -6.6996
   33      2             1.9808           -13.7457            -7.2861
   33      3             1.7160           -15.0205            -8.1085
   33      4             1.4992           -16.2281            -7.1778
   34      1            -1.0161            10.6258            11.0006
   34      2             0.0053             9.9224            10.0876
   34      3            -0.5558             9.4697             8.7268
   34      4             0.5196             8.9209             7.7708
   35      1            13.5716             2.5909             3.9026
   35      2            14.8274             3.2437             3.2957
   35      3            15.1283             2.9482             1.8146
   35      4            16.4856             3.2937             1.1743
   36      1            -9.4635            11.7201             4.6958
   36      2            -9.5818            10.1995             4.4824
   36      3           -10.6231             9.6978             3.4647
   36      4           -10.4276             8.2285             3.0468
   37      1             4.8761             0.2507            -2.9701
   37      2             5.2212            -1.1617            -2.4627
   37      3             5.7473            -2.1250            -3.5429
   37      4             6.1041            -3.5806            -3.1885
   38      1           -12.2407            13.2783            -3.5800
   38      2           -10.8631            12.9362            -4.1772
   38      3           -10.8274            11.5173            -4.7746
   38      4            -9.3699            11.2161            -5.1705
   39      1            -4.5242            10.8093            -4.3867
   39      2            -3.6610            10.8902            -5.6595
   39      3            -2.2280            10.3398            -5.5375
   39      4            -1.3012            11.5034            -5.1392
   40      1             0.7027             0.7906             4.5947
   40      2             1.4556             1.5431             5.7076
   40      3             0.6857             2.7019             6.3680
   40      4            -0.7496             2.4712             6.8762
   41      1             1.5843            13.5269            10.0838
   41      2             0.9729            14.1925             8.8369
   41      3             1.9118            15.0019             7.9232
   41      4             1.1736            15.4941             6.6644
   42      1             4.6902           -10.7397           -10.7048
   42      2             5.8384           -10.1356           -11.5344
   42      3             5.2209            -9.3433           -12.7017
   42      4             6.2024            -8.5051           -13.5418
   43      1            -2.2715             4.2793           -15.9261
   43      2            -1.8640             5.2080           -14.7672
   43      3            -1.4176             4.4533           -13.5012
   43      4            -1.1537             5.6497           -12.5682
   44      1           -13.3787            -8.4338             0.7681
   44      2           -14.0794            -9.6337             0.1041
   44      3           -15.6027            -9.4404            -0.0138
   44      4           -15.9667            -8.2939            -0.9754
   45      1            16.7667            -7.4927            -5.1932
   45      2            15.2414            -7.3811            -5.3741
   45      3            14.6634            -6.1149            -4.7151
   45      4            13.2412            -5.7518            -5.1810
   46      1             6.4953             1.5015             6.8082
   46      2             5.4747             0.3727             6.5719
   46      3             6.0641            -1.0256             6.3094
   46      4             6.8998            -1.4110             7.5442
   47      1             0.7325            -2.0784            -0.2453
   47      2            -0.2090            -3.0023             0.5494
   47      3             0.3112            -3.0434             1.9983
   47      4             1.5947            -3.8876             2.1057
   48      1           -11.4575           -14.3290           -14.4174
   48      2           -10.0168           -14.0062           -14.8556
   48      3            -9.0150           -14.9579           -14.1757
   48      4            -7.6278           -14.3616           -14.4782
   49      1           -11.0399            11.8292            -8.7096
   49      2           -12.3998            11.6434            -9.4080
   49      3           -13.3097            12.7426            -8.8288
   49      4           -14.7097            12.7178            -9.4699
   50      1            10.0502            -9.1390            -5.5491
   50      2            11.2473            -9.6958            -6.3419
   50      3            11.9277           -10.9932            -5.8673
   50      4            12.2979           -10.9892            -4.3724
   51      1            -3.1352            12.6988            14.6898
   51      2            -3.3642            14.0944            15.2992
   51      3            -3.2422            15.2025            14.2367
   51      4            -3.1809            16.6791            14.6699
   52      1            -2.1174             9.6557           -10.8629
   52      2            -1.1127             9.4462            -9.7147
   52      3            -0.5367            10.6809            -8.9968
   52      4             0.4702            11.4219            -9.8960
   53      1           -13.3969            -4.9894           -11.4679
   53      2           -13.3837            -6.5039           -11.1889
   53      3           -14.6049            -7.2327           -11.7798
   53      4           -15.9086            -6.6146           -11.2413
   54      1           -15.2530            -0.0503            -9.6789
   54      2           -15.5239             1.2589            -8.9146
   54      3           -14.3496             1.7502            -8.0479
   54      4           -12.9570             1.7424            -8.7054
   55      1            10.7454            -5.4913             6.3539
   55      2            10.3750            -4.0056             6.5185
   55      3            11.0830            -3.0547             5.5355
   55      4            10.2929            -1.7608             5.2651
   56      1             0.7184            -3.9085            -3.9127
   56      2            -0.0820            -4.8931            -4.7854
   56      3            -0.8968            -5.9192            -3.9762
   56      4            -1.8725            -5.1598            -3.0581
   57      1            -5.3901           -10.5503            13.2274
   57      2            -6.7170           -10.4559            12.4516
   57      3            -6.9591            -9.0261            11.9334
   57      4            -6.5850            -7.8056            12.7949
   58      1            -3.1976            -8.6843            10.7090
   58      2            -2.0163            -9.2485             9.8981
   58      3            -1.3398            -8.4435             8.7729
   58      4            -0.0479            -8.9579             8.1111
   59      1             6.0724             5.4544             7.8432
   59      2             4.6228             5.4527             7.3235
   59      3             4.5900             5.1185             5.8205
   59      4             3.2128             4.7486             5.2392
   60      1            -5.0689            -4.1523           -13.8232
   60      2            -3.9457            -3.7068           -12.8684
   60      3            -4.4468            -3.0646           -11.5616
   60      4            -3.3650            -2.2620           -10.8152
   61      1            -8.0861            10.1567            -1.4864
   61      2            -8.7474             9.1023            -0.5795
   61      3            -9.8159             8.0947            -1.0426
   61      4           -11.0814             8.8583            -1.4749
   62      1            16.0441             7.1365            -9.4568
   62      2            15.2109             7.7809           -10.5803
   62      3            14.2880             8.9318           -10.1381
   62      4            13.5864             9.5466           -11.3633
   63      1            -9.2966            -8.4498           -13.7406
   63      2            -9.6323            -9.1155           -12.3931
   63      3           -11.1351            -9.2066           -12.0694
   63      4           -11.4480            -9.7613           -10.6673
   64      1            -3.8033            -7.5451            -8.5533
   64      2            -4.1939            -6.7263            -9.7977
   64      3            -3.1850            -6.9942           -10.9300
   64      4            -1.8892            -6.1972           -10.6904
   65      1           -11.4822             3.7978             9.3101
   65      2           -11.1813             2.5293            10.1299
   65      3           -10.5074             1.3919             9.3402
   65      4           -10.4401             0.1128            10.1953
   66      1             1.3146             6.8031            11.5444
   66      2             1.8219             6.6253            12.9875
   66      3             3.2422             6.0632            13.1834
   66      4             3.2704             4.6029            13.6716
   67      1            -7.0215            -2.6945            -4.6660
   67      2            -6.5842            -4.1259            -5.0283
   67      3            -7.2906            -5.3111            -4.3444
   67      4            -8.8177            -5.4612            -4.4756
   68      1             4.6005            10.2960            -9.4086
   68      2             3.8985             9.1902           -10.2186
   68      3             3.6662             7.7360            -9.7680
   68      4             2.9440             7.6644            -8.4097
   69      1           -10.2549             4.9280            14.5364
   69      2           -11.2767             5.7376            13.7165
   69      3           -10.5476             6.4143            12.5408
   69      4           -11.4151             7.4470            11.7975
   70      1            -6.8616            11.8551             8.0595
   70      2            -5.3878            11.5918             8.4199
   70      3            -4.5476            12.4654             7.4699
   70      4            -3.1563            11.9035             7.1235
   71      1            10.8910            -4.3949             1.8714
   71      2             9.9790            -4.1456             0.6558
   71      3             9.9967            -5.1659            -0.4976
   71      4             9.9001            -6.6766            -0.2151
   72      1            11.2004             8.2105             6.0882
   72      2            12.2879             7.4812             6.8987
   72      3            12.9360             6.3128             6.1329
   72      4            13.9694             5.4834             6.9177
   73      1            -5.8075            11.4248             2.6808
   73      2            -5.2779            10.1860             3.4269
   73      3            -5.5708             8.7798             2.8717
   73      4            -4.4861             7.7139             3.1147
   74      1            10.1437            -0.8956            -2.9156
   74      2             9.4519            -0.4722            -1.6065
   74      3             9.5561             1.0411            -1.3404
   74      4             8.9691             1.3353             0.0526
   75      1            -7.4570            -8.4766             7.9401
   75      2            -8.6151            -7.4904             7.6995
   75      3            -9.1298            -6.8251             8.9895
   75      4            -7.9313            -6.1579             9.6896
   76      1             2.0476            -8.3548            -2.3222
   76      2             3.0522            -8.8932            -3.3577
   76      3             2.7940           -10.3013            -3.9253
   76      4             2.9305           -11.4944            -2.9612
   77      1            11.8581             5.4322            -2.5713
   77      2            12.9118             4.4991            -1.9461
   77      3            12.5657             3.0712            -2.4073
   77      4            13.2626             2.0020            -1.5454
   78      1            -4.2239             7.6579            10.4921
   78      2            -3.1696             7.6226            11.6141
   78      3            -3.5024             8.4734            12.8539
   78      4            -2.4531             8.5004            13.9807
   79      1           -13.3300             1.3878            -3.6267
   79      2           -12.9533            -0.0873            -3.3946
   79      3           -11.5631            -0.4045            -3.9760
   79      4           -10.5090             0.5344            -3.3603
   80      1            -0.1576            -5.5209           -14.6762
   80      2             0.3246            -5.4072           -13.2181
   80      3             1.8532            -5.2368           -13.1398
   80      4             2.5211            -6.5303           -13.6422
   81      1            -9.0615           -11.7120            -2.1012
   81      2           -10.4671           -12.2728            -1.8158
   81      3           -11.7161           -11.4612            -2.2066
   81      4           -13.0274           -12.2397            -2.4204
   82      1            -8.5466             8.5783            -8.2793
   82      2            -7.3540             8.5043            -7.3077
   82      3            -7.4505             7.3181            -6.3303
   82      4            -6.1982             7.4119            -5.4390
   83      1             8.9814            11.0118             1.3695
   83      2             8.3489            12.0525             0.4269
   83      3             6.8225            11.9025             0.2890
   83      4             6.5377            10.5729            -0.4339
   84      1             4.3129             4.1335           -12.7764
   84      2             4.7521             2.7412           -12.2863
   84      3             5.8591             2.9702           -11.2405
   84      4             6.2917             1.7269           -10.4412
   85      1             1.6413           -11.0185             3.2660
   85      2             2.2034           -12.4473             3.3856
   85      3             2.2013           -13.1598             2.0203
   85      4             3.0907           -12.2308             1.1731
   86      1             3.3912             3.3180            -4.1813
   86      2             2.2199             3.2395            -5.1781
   86      3             0.9117             3.8038            -4.5936
   86      4            -0.3926             3.2640            -5.2093
   87      1            11.9330            -3.8138            -8.1798
   87      2            10.5383            -3.2129            -8.4357
   87      3             9.8765            -2.7528            -7.1235
   87      4             8.7005            -1.7859            -7.3548
   88      1            -9.4206           -15.0400            10.7831
   88      2            -9.4009           -14.1519             9.5251
   88      3           -10.5846           -13.1696             9.4503
   88      4           -11.9809           -13.7810             9.2315
   89      1            10.2290           -12.4795           -10.5822
   89      2             8.9232           -12.6435           -11.3820
   89      3             9.2630           -12.4210           -12.8674
   89      4             8.2288           -13.0906           -13.7913
   90      1             7.1242           -14.3742            -0.1214
   90      2             7.0311           -13.8545             1.3252
   90      3             6.3718           -14.7300             2.4071
   90      4             6.4517           -14.0058             3.7639
   91      1             1.3225            -9.4112            -7.7116
   91      2             1.8181            -8.0161            -7.2880
   91      3             1.4923            -6.8923            -8.2893
   91      4             2.0128            -5.5083            -7.8587
   92      1            12.6145            15.2768            12.2288
   92      2            14.1015            15.4513            12.5892
   92      3            15.0782            14.6065            11.7502
   92      4            14.6799            13.1216            11.8393
   93      1            10.5555             6.5789           -13.1165
   93      2             9.1868             6.9779           -12.5343
   93      3             8.5569             5.8853           -11.6505
   93      4             9.2653             5.6235           -10.3084
   94      1            -6.3859             5.9210           -12.9845
   94      2            -6.0080             5.6005           -14.4426
   94      3            -6.1007             6.8541           -15.3323
   94      4            -7.4675             7.5634           -15.3131
   95      1            -6.1262             0.4032             4.5157
   95      2            -5.6440             1.7076             5.1773
   95      3            -5.1450             1.3098             6.5788
   95      4            -4.6907             2.5090             7.4315
   96      1           -12.5679           -11.7058             6.0328
   96      2           -12.2221           -12.5040             4.7621
   96      3           -12.3498           -11.6266             3.5029
   96      4           -11.6813           -12.2630             2.2701
   97      1             4.9745            11.1720            10.5062
   97      2             6.0467            10.5036            11.3867
   97      3             7.2503            10.0239            10.5544
   97      4             7.0944             9.1998             9.2628
   98      1            13.0862            12.8877            -3.7295
   98      2            14.1787            12.3316            -4.6616
   98      3            14.4552            10.8252            -4.5000
   98      4            15.5289            10.3074            -5.4749
   99      1             9.9628            -0.4710           -12.5453
   99      2            10.1560             0.2266           -11.1860
   99      3            10.3854             1.7339           -11.4028
   99      4            11.8197             2.1375           -11.7919
  100      1            -8.0334             7.5396             9.6575
  100      2            -8.4763             7.7248             8.1942
  100      3            -7.6068             6.9463             7.1896
  100      4            -8.0197             7.1182             5.7159
  101      1             2.7136            10.3762            -2.6194
  101      2             2.1237             9.0029            -2.2483
  101      3             2.7058             7.7962            -3.0076
  101      4             2.0757             7.6444            -4.4045
  102      1            -2.3104           -12.8697            10.0094
  102      2            -1.3812           -13.3620            11.1345
  102      3             0.1013           -13.0956            10.8136
  102      4             1.0640           -13.2085            12.0103
  103      1             9.7510            -2.3711            11.4827
  103      2             8.3466            -2.9900            11.3549
  103      3             7.8143            -3.6089            12.6607
  103      4             6.2977            -3.8448            12.5344
  104      1             9.6864            -7.4844            -8.8943
  104      2             8.7001            -6.5618            -8.1543
  104      3             7.7767            -7.3716            -7.2253
  104      4             7.0509            -8.5775            -7.8504
  105      1            14.3814            -1.5070             2.6208
  105      2            14.7040            -1.3912             1.1195
  105      3            13.6030            -1.9600             0.2053
  105      4            14.0462            -1.7002            -1.2465
  106      1           -13.8137             7.1784             1.1999
  106      2           -14.2646             8.5774             1.6594
  106      3           -14.8315             8.7871             3.0758
  106      4           -15.7958             9.9741             3.2571
  107      1            10.2976             2.0534             6.0795
  107      2            10.6641             2.8105             7.3695
  107      3             9.9051             4.0748             7.8135
  107      4            10.3654             4.6348             9.1722
  108      1            -4.3227            -5.3620            11.0568
  108      2            -2.8121            -5.0667            11.0090
  108      3            -2.3155            -3.6197            11.1855
  108      4            -0.8927            -3.3501            10.6616
  109      1            -5.4506            13.4665           -11.7717
  109      2            -5.6436            11.9563           -12.0030
  109      3            -5.8758            11.0212           -10.8016
  109      4            -6.1912             9.6096           -11.3302
  110      1             6.9629            -8.8671             6.3619
  110      2             6.3744            -7.7934             7.2960
  110      3             7.3014            -6.5675             7.3939
  110      4             6.7933            -5.4816             8.3605
  111      1            -9.5568            -7.0986            -7.8950
  111      2            -9.2729            -6.8215            -9.3831
  111      3            -8.4382            -5.5558            -9.6531
  111      4            -8.2749            -5.2477           -11.1531
  112      1             5.7774            -9.5497            11.5239
  112      2             4.5162            -8.6851            11.3409
  112      3             4.7616            -7.2205            10.9330
  112      4             3.4751            -6.3760            10.8769
  113      1            -5.3778            -0.1578            -2.6229
  113      2            -4.9380            -0.5160            -1.1911
  113      3            -4.9725            -1.9978            -0.7731
  113      4            -6.3313            -2.7104            -0.9054
  114      1           -13.0865             7.9171           -13.9666
  114      2           -12.3979             8.9712           -13.0798
  114      3           -10.9130             8.6558           -12.8205
  114      4           -10.1839             9.9628           -12.4580
  115      1            -4.7941             3.5630            -6.0506
  115      2            -5.3745             4.1109            -7.3676
  115      3            -4.3533             4.8880            -8.2190
  115      4            -5.2262             5.6869            -9.2046
  116      1           -12.8091            12.4962             1.8020
  116      2           -13.4153            13.7842             1.2146
  116      3           -14.4508            14.4689             2.1260
  116      4           -15.0754            15.7231             1.4867
  117      1            -6.2573            -6.0684             0.7765
  117      2            -6.2334            -6.5701            -0.6793
  117      3            -4.7848            -6.7940            -1.1515
  117      4            -4.7026            -7.4897            -2.5230
  118      1            -0.4387            10.6169             3.7712
  118      2            -1.2006             9.2792             3.7289
  118      3            -0.6412             8.1971             4.6712
  118      4            -1.2957             6.8035             4.6397
  119      1            -8.0082             4.8988             1.0238
  119      2            -8.6114             3.5724             0.5255
  119      3            -9.5969             2.8679             1.4764
  119      4            -9.9385             1.4001             1.1592
  120      1           -15.5098           -11.3670            -8.8151
  120      2           -14.0439           -11.1385            -8.4020
  120      3           -13.6353           -11.9895            -7.1853
  120      4           -12.2472           -11.5826            -6.6570
  121      1           -11.8786            -3.7296             0.3155
  121      2           -10.5232            -3.9470            -0.3825
  121      3           -10.7499            -5.0658            -1.4161
  121      4           -12.1610            -5.6674            -1.2809
  122      1            15.9416           -10.4229             9.4961
  122      2            14.9977           -10.8974            10.6166
  122      3            13.5937           -10.3058            10.8408
  122      4            13.6439            -8.8545            11.3535
  123      1            -1.5830           -15.4232           -11.1175
  123      2            -0.2383           -14.8067           -10.6893
  123      3             0.1204           -13.4378           -11.2967
  123      4             1.4923           -12.7813           -11.0547
  124      1            -1.9052             2.9203            -0.7965
  124      2            -2.0558             2.5596             0.6931
  124      3            -3.5097             2.6807             1.1860
  124      4            -4.1060             4.0498             0.8094
  125      1            -8.4307           -10.1700             1.3788
  125      2            -7.8518            -9.9727             2.7921
  125      3            -6.3207            -9.8120             2.7535
  125      4            -5.6864            -9.7101             4.1531
  126      1            10.2378             1.4202            -7.1410
  126      2            10.1175             2.6024            -6.1614
  126      3             8.7025             2.7783            -5.5798
  126      4             8.6949             3.9134            -4.5391
  127      1             6.0368           -11.9200            -5.0724
  127      2             7.2167           -11.6849            -4.1111
  127      3             8.2062           -12.8640            -4.1589
  127      4             8.6812           -13.1166            -5.6019
  128      1             5.1041           -12.9984             7.2738
  128      2             5.9425           -12.4318             8.4347
  128      3             5.7449           -13.2629             9.7161
  128      4             4.3425           -13.8244            10.0151
  129      1             4.4815            13.8254            -2.4581
  129      2             5.0393            12.7240            -3.3787
  129      3             6.4354            12.9369            -3.9928
  129      4             6.8066            11.8984            -5.0676
  130      1            -8.4022             1.6476            -6.1840
  130      2            -9.0760             0.9705            -7.3920
  130      3            -8.1835            -0.0934            -8.0577
  130      4            -6.7352             0.3591            -8.3207
  131      1            15.3765            -5.2622            14.1692
  131      2            15.3843            -4.2111            13.0437
  131      3            16.1656            -4.6551            11.7931
  131      4            16.1803            -3.4843            10.7929
  132      1            -4.2433           -10.2119           -12.6581
  132      2            -3.8107           -10.9321           -11.3674
  132      3            -4.9383           -11.9672           -11.1981
  132      4            -6.3963           -11.5155           -11.4025
  133      1            -0.1989            -9.8197           -12.4988
  133      2            -0.1556            -9.6184           -14.0249
  133      3             0.8098           -10.5750           -14.7493
  133      4             2.2215            -9.9809           -14.9093
  134      1           -13.8932            -8.0223             4.2840
  134      2           -14.0438            -7.9121             5.8127
  134      3           -13.4587            -6.6358             6.4454
  134      4           -13.1258            -6.4230             7.9338
  135      1           -11.3383             4.4060            -4.3984
  135      2            -9.8419             4.7507            -4.5144
  135      3            -9.1152             4.1997            -3.2734
  135      4            -7.6274             4.5884            -3.1901
  136      1             2.1218            -2.9933            13.8701
  136      2             2.6269            -1.9820            12.8243
  136      3             3.0582            -0.6880            13.5393
  136      4             1.9613             0.0367            14.3413
  137      1           -12.6946            -3.4113            -5.4204
  137      2           -12.3081            -2.5932            -6.6666
  137      3           -12.2151            -3.5035            -7.9053
  137      4           -11.3618            -2.8508            -9.0087
  138      1             8.0043             6.7281             3.4930
  138      2             9.0300             6.3475             2.4091
  138      3             8.1948             6.3018             1.1161
  138      4             8.9070             6.4093            -0.2451
  139      1             2.1335             2.8069            10.2237
  139      2             2.5126             1.4278             9.6526
  139      3             1.3367             0.4492             9.4757
  139      4             1.7020            -0.9833             9.0443
  140      1            10.4014            13.7072             4.3627
  140      2             9.4303            13.6913             5.5578
  140      3             8.7322            12.3260             5.6999
  140      4             7.9608            12.2493             7.0306
  141      1           -11.4331            12.0400            13.5547
  141      2           -10.0839            11.6887            14.2088
  141      3            -8.8243            11.9901            13.3757
  141      4            -7.6374            11.3333            14.1048
  142      1            -7.4604             2.2771           -16.4602
  142      2            -7.0460             2.0506           -14.9944
  142      3            -5.9242             1.0188           -14.7738
  142      4            -5.6878             0.6564           -13.2958
  143      1           -15.4825             3.9493            16.1618
  143      2           -14.6185             3.8476            14.8911
  143      3           -14.6169             2.4493            14.2459
  143      4           -14.1824             2.3357            12.7728
  144      1            -0.9716            -2.0005           -14.3154
  144      2            -1.1552            -0.9087           -13.2448
  144      3            -2.0634             0.2430           -13.7140
  144      4            -1.6646             0.8993           -15.0489
  145      1             1.4327             1.2964           -10.0460
  145      2             2.4958             0.1827           -10.0801
  145      3             2.9624            -0.4968            -8.7793
  145      4             2.0837            -1.7138            -8.4354
  146      1            -2.3737           -14.1863            -6.8624
  146      2            -3.4110           -15.0005            -6.0669
  146      3            -4.8449           -14.4393            -6.0452
  146      4            -5.7391           -15.6707            -5.8094
  147      1             9.0965             8.2043            -6.6993
  147      2             8.0164             7.9334            -5.6355
  147      3             8.6355             8.1924            -4.2494
  147      4            10.1256             8.5531            -4.1041
  148      1             3.2192            15.3878           -14.2966
  148      2             4.4914            14.6836           -14.8037
  148      3             4.8831            13.5711           -13.8136
  148      4             5.8183            12.4311           -14.2581
  149      1            -3.8439           -14.7514             4.1882
  149      2            -3.0400           -14.7187             2.8750
  149      3            -1.6222           -14.1504             3.0708
  149      4            -1.7804           -12.8164             3.8239
  150      1            -5.1931           -10.1212            -6.0863
  150      2            -6.2579           -11.2310            -6.1637
  150      3            -7.6331           -10.5846            -6.4138
  150      4            -8.1162            -9.9681            -5.0878

