Water       64
    1      1           -39.6025             0.9119            38.2560
    1      2           -40.2021             1.4219            37.6393
    1      3           -38.9032             0.4358            37.7228
    2      1           -20.8560            51.3756           -12.9001
    2      2           -20.7321            52.1415           -13.5309
    2      3           -20.9328            50.5247           -13.4199
    3      1            44.6286           -42.0829           -24.6569
    3      2            45.4486           -41.5455           -24.4601
    3      3            44.5765           -42.2641           -25.6389
    4      1            42.7423            -3.2557            10.6522
    4      2            42.3579            -3.7386            11.4390
    4      3            43.4015            -2.5738            10.9691
    5      1           -65.8019            58.1219           -53.6091
    5      2           -65.3985            57.3731           -54.1351
    5      3           -65.8153            58.9517           -54.1669
    6      1            42.8364            -8.3853           -35.6893
    6      2            42.3297            -8.0193           -34.9087
    6      3            43.7242            -8.7262           -35.3803
    7      1            -5.9632            52.1567            15.7064
    7      2            -5.1652            51.6721            15.3482
    7      3            -6.5221            52.4867            14.9456
    8      1            57.4287            21.7730           -45.1138
    8      2            57.6301            20.7997           -45.2231
    8      3            56.5510            21.9822           -45.5450
    9      1            18.0731            66.5765            48.7250
    9      2            17.9671            65.7528            49.2820
    9      3            17.1790            66.8640            48.3816
   10      1           -54.2023           -41.7493            17.7139
   10      2           -53.3793           -41.4465            18.1945
   10      3           -54.8787           -42.0668            18.3785
   11      1            62.0200           -63.3776           -24.9313
   11      2            62.4380           -63.9932           -25.5994
   11      3            61.3505           -62.7932           -25.3898
   12      1            29.0915             8.1779           -32.4150
   12      2            29.9618             8.2075           -31.9233
   12      3            28.4854             8.8912           -32.0631
   13      1           -54.4549           -33.2067             3.8287
   13      2           -53.6583           -33.1696             3.2254
   13      3           -55.1958           -33.6999             3.3727
   14      1           -56.9877            37.1133           -16.1507
   14      2           -56.5688            38.0179           -16.2293
   14      3           -57.7405            37.1506           -15.4934
   15      1             7.7167           -13.1662           -59.6335
   15      2             8.4920           -13.1722           -60.2651
   15      3             7.6955           -12.2968           -59.1399
   16      1            24.3916            38.0007             0.0133
   16      2            24.8277            38.7580            -0.4727
   16      3            23.5022            38.2964             0.3619
   17      1           -62.0601            49.9743            15.8260
   17      2           -61.6093            49.3999            16.5093
   17      3           -62.5831            49.3976            15.1984
   18      1             3.9583           -50.2293            47.9475
   18      2             4.5687           -50.8979            47.5227
   18      3             4.0616           -50.2680            48.9414
   19      1             9.7546            19.1804            14.4934
   19      2            10.1112            18.7178            13.6817
   19      3            10.4315            19.8361            14.8277
   20      1           -57.1981             2.2749           -43.1484
   20      2           -57.8854             1.5560           -43.0446
   20      3           -57.2211             2.8759           -42.3494
   21      1            60.8437            66.7284           -61.3163
   21      2            61.7437            67.0057           -60.9800
   21      3            60.9504            66.2060           -62.1623
   22      1            20.7499            19.3018           -32.4802
   22      2            21.1828            19.9630           -33.0928
   22      3            19.7964            19.1706           -32.7515
   23      1             5.8722             6.5261            42.1078
   23      2             6.7084             5.9910            42.2279
   23      3             5.0769             5.9449            42.2801
   24      1            11.3224            46.8984            29.3420
   24      2            12.1331            46.3687            29.0925
   24      3            11.4152            47.8323            28.9966
   25      1           -30.4102            37.4607           -45.6712
   25      2           -30.1144            36.5169           -45.8183
   25      3           -30.3041            37.6965           -44.7052
   26      1            52.1173            64.3366            45.8343
   26      2            52.7151            63.5491            45.9845
   26      3            51.6785            64.5911            46.6960
   27      1            33.1407           -10.0829            44.2592
   27      2            32.2798            -9.6270            44.0330
   27      3            33.6888           -10.1904            43.4297
   28      1           -11.3768            11.0947            52.3079
   28      2           -10.5919            11.7057            52.4113
   28      3           -11.1067            10.2921            51.7761
   29      1            48.3684            27.1983            57.5699
   29      2            48.2303            27.6223            56.6748
   29      3            47.5004            26.8280            57.9008
   30      1           -44.1880            46.7684            55.8784
   30      2           -44.5157            45.9011            56.2531
   30      3           -43.9506            47.3867            56.6276
   31      1            33.4675            11.0743            -2.5589
   31      2            33.6812            11.1223            -3.5346
   31      3            34.2851            10.8020            -2.0516
   32      1           -53.5232            65.2354           -32.7667
   32      2           -54.0606            66.0439           -32.5269
   32      3           -54.0960            64.4194           -32.6892
   33      1            54.2827           -40.6158           -20.0919
   33      2            53.6070           -39.8947           -19.9388
   33      3            54.4349           -41.1164           -19.2397
   34      1            39.6239             1.7899           -47.8835
   34      2            40.1895             2.6082           -47.7808
   34      3            39.1521             1.6005           -47.0223
   35      1            48.8772           -23.8762            52.8961
   35      2            49.2055           -24.6890            53.3773
   35      3            48.9556           -24.0184            51.9094
   36      1           -64.4217            19.2438           -24.3948
   36      2           -63.6410            19.8669           -24.3469
   36      3           -64.0961            18.2988           -24.3647
   37      1             3.6685           -62.4434           -45.8529
   37      2             3.5853           -63.4304           -45.9903
   37      3             2.7798           -62.0672           -45.5908
   38      1           -32.5162           -54.6865           -16.5019
   38      2           -32.4854           -55.6290           -16.8345
   38      3           -32.5433           -54.0591           -17.2801
   39      1           -16.5469            66.5867           -24.0737
   39      2           -15.6234            66.2540           -23.8825
   39      3           -16.8669            67.1416           -23.3058
   40      1            54.4083           -59.2799           -42.0232
   40      2            53.6756           -59.2338           -42.7022
   40      3            54.8260           -58.3770           -41.9218
   41      1           -34.1547            29.3717           -55.9149
   41      2           -33.7262            30.1565           -56.3626
   41      3           -33.7443            29.2375           -55.0129
   42      1            -7.5517            67.3122             9.8051
   42      2            -7.5624            67.8604            10.6414
   42      3            -6.8686            67.6801             9.1742
   43      1           -57.1827            63.9960            59.0150
   43      2           -57.7396            64.2727            59.7981
   43      3           -57.4008            64.5752            58.2295
   44      1           -31.8755            42.1350            62.2853
   44      2           -30.9438            42.4932            62.2244
   44      3           -32.4362            42.7560            62.8330
   45      1           -54.2606            32.7787            20.3173
   45      2           -54.9714            33.4729            20.4310
   45      3           -54.5185            31.9524            20.8179
   46      1            20.8358            41.0074            43.1081
   46      2            20.2305            41.7997            43.0317
   46      3            21.1777            40.9383            44.0453
   47      1            21.4060            10.2046           -22.1962
   47      2            21.9795            10.9960           -21.9845
   47      3            21.2538             9.6711           -21.3643
   48      1            32.3378            25.8744           -43.8639
   48      2            31.5373            25.8420           -43.2655
   48      3            32.6976            24.9499           -43.9896
   49      1           -47.6353           -39.2087            -7.0832
   49      2           -48.3152           -38.6572            -7.5665
   49      3           -46.9589           -38.6069            -6.6586
   50      1            56.4847           -11.7583           -56.5469
   50      2            56.3695           -11.2598           -57.4061
   50      3            56.4294           -12.7413           -56.7219
   51      1            63.3170            42.4741           -66.5070
   51      2            63.9165            42.1680           -65.7675
   51      3            62.3626            42.3540           -66.2337
   52      1            32.8747           -56.6229            50.3918
   52      2            33.2653           -56.7667            51.3011
   52      3            33.1723           -57.3569            49.7813
   53      1             1.9525            49.3125            -2.1269
   53      2             1.2265            49.4632            -2.7979
   53      3             1.7207            49.7809            -1.2743
   54      1            44.7022           -62.6580            23.2461
   54      2            45.0907           -62.9222            24.1288
   54      3            45.3995           -62.7475            22.5348
   55      1            -3.2457             4.9791           -34.3092
   55      2            -3.0563             4.0187           -34.1048
   55      3            -4.1890             5.1940           -34.0561
   56      1            38.6612           -13.4480           -50.5984
   56      2            38.4531           -13.4495           -49.6203
   56      3            38.0857           -12.7734           -51.0607
   57      1           -53.4846            52.3907           -38.7472
   57      2           -52.5897            52.2470           -38.3247
   57      3           -53.4432            52.1308           -39.7120
   58      1           -58.1055           -27.8019             1.5004
   58      2           -58.1050           -27.6238             0.5164
   58      3           -58.2198           -28.7822             1.6616
   59      1            -8.7841            50.8878           -14.6283
   59      2            -9.2169            49.9869           -14.5948
   59      3            -8.3969            51.0380           -15.5379
   60      1            54.5208            50.4185            46.7948
   60      2            54.5129            50.4026            47.7946
   60      3            55.4515            50.5894            46.4715
   61      1            11.1431            36.0409            48.0520
   61      2            11.9565            36.6223            48.0698
   61      3            10.6924            36.1255            47.1633
   62      1            57.4391            -3.9947            31.3307
   62      2            56.5033            -4.2987            31.5088
   62      3            57.4849            -2.9982            31.4003
   63      1            19.9010            23.4125            15.0190
   63      2            20.6757            23.0018            15.4998
   63      3            19.0643            23.2626            15.5459
   64      1            -3.0628            47.9063           -52.2433
   64      2            -2.5193            48.6567           -51.8671
   64      3            -2.8674            47.0666           -51.7367

